   Temperature:        Energy:            Cv: Magnetization:       Chi (X):|Magnetization|:
      1.0000000     -1.9959982    0.031947315   -0.013544155   0.0040066914     0.99866409
      1.0000000     -1.9959911    0.032003568   0.0036872250   0.0040052214     0.99866316
      1.0000000     -1.9959814    0.032079901  -0.0040762500   0.0040093268     0.99866086
      1.0000000     -1.9959707    0.032165634  0.00076743000   0.0040190701     0.99865744
      1.0000000     -1.9960142    0.031821419   0.0031341850   0.0039865356     0.99867012
      1.0000000     -1.9959769    0.032115597   -0.012456365   0.0040183925     0.99865859
      1.0000000     -1.9959600    0.032250570  -0.0031755400   0.0040302709     0.99865379
      1.0000000     -1.9959703    0.032170256   0.0037627150   0.0040146872     0.99865810
      1.0000000     -1.9959891    0.032018707  -0.0038904900   0.0040100592     0.99866202
      1.0000000     -1.9959926    0.031990501   0.0020739050   0.0039956813     0.99866502
