   Temperature:        Energy:            Cv: Magnetization:       Chi (X):|Magnetization|:
      1.0000000     -1.9959066    0.032680176   0.0034850500   0.0041146006     0.99863075
      1.0000000     -1.9960128    0.031834009  -0.0065073000   0.0040000988     0.99866760
      1.0000000     -1.9959706    0.032170256   -0.032457900   0.0040345617     0.99865480
      1.0000000     -1.9960130    0.031829228   0.0014365000   0.0039981031     0.99866800
      1.0000000     -1.9959918    0.031991776    0.016879050   0.0040057524     0.99866325
      1.0000000     -1.9960088    0.031865881    0.016939250   0.0040245481     0.99866285
      1.0000000     -1.9960034    0.031908909    0.016540350   0.0039580568     0.99867305
      1.0000000     -1.9958922    0.032785343  -0.0016412500   0.0040816356     0.99863395
      1.0000000     -1.9959548    0.032296145   0.0076800000   0.0040648786     0.99864710
      1.0000000     -1.9959236    0.032541545   0.0085039500   0.0040862836     0.99863835
