   Temperature:        Energy:            Cv: Magnetization:       Chi (X):|Magnetization|:
      1.0000000     -1.9958000    0.033529440   -0.025200000   0.0047910000     0.99850000
      1.0000000     -1.9982000    0.014387040     0.80815000   0.0020983100     0.99935000
      1.0000000     -1.9946000    0.043083360    -0.26700000   0.0065840000     0.99800000
      1.0000000     -1.9918000    0.065331040     0.33470000   0.0085686400     0.99720000
      1.0000000     -1.9936000    0.051036160     0.17760000   0.0061823600     0.99790000
      1.0000000     -1.9946000    0.043083360    -0.44440000   0.0035910000     0.99850000
      1.0000000     -1.9916000    0.066917760     0.26890000   0.0095640000     0.99700000
      1.0000000     -1.9968000    0.025559040    -0.90325000   0.0024963900     0.99905000
      1.0000000     -1.9950000    0.039900000    -0.70735000   0.0042903900     0.99845000
      1.0000000     -1.9968000    0.025559040     0.20445000   0.0036947100     0.99885000
      1.0000000     -1.9964000    0.028748160    -0.90690000   0.0035942400     0.99880000
      1.0000000     -1.9960000    0.031936000     0.36555000   0.0028947100     0.99885000
      1.0000000     -1.9944000    0.044674560    -0.13540000   0.0057855600     0.99810000
      1.0000000     -1.9958000    0.033529440     0.33955000   0.0032937500     0.99875000
      1.0000000     -1.9946000    0.043083360     0.34435000   0.0056863100     0.99815000
      1.0000000     -1.9956000    0.035122560     0.74685000   0.0048903900     0.99845000
      1.0000000     -1.9966000    0.027153760     0.22990000   0.0037942400     0.99880000
      1.0000000     -1.9980000    0.015984000     0.62340000   0.0021980400     0.99930000
      1.0000000     -1.9920000    0.063744000     0.22670000   0.0093663600     0.99710000
      1.0000000     -1.9972000    0.022368640     0.23520000   0.0019974400     0.99920000
      1.0000000     -1.9962000    0.030342240    -0.43105000   0.0036937500     0.99875000
      1.0000000     -1.9946000    0.043083360     0.38715000   0.0056863100     0.99815000
      1.0000000     -1.9980000    0.015984000     0.12685000   0.0012987900     0.99945000
      1.0000000     -1.9950000    0.039900000    -0.15675000   0.0060863100     0.99815000
      1.0000000     -1.9974000    0.020772960    -0.31145000   0.0030963900     0.99905000
      1.0000000     -1.9956000    0.035122560     0.89875000   0.0048903900     0.99845000
      1.0000000     -1.9948000    0.041491840   -0.031600000   0.0061855600     0.99810000
      1.0000000     -1.9940000    0.047856000     0.63675000   0.0056847900     0.99805000
      1.0000000     -1.9924000    0.060568960     0.38535000   0.0058797500     0.99775000
      1.0000000     -1.9986000    0.011192160    -0.31835000   0.0018987900     0.99945000
      1.0000000     -1.9970000    0.023964000     0.10500000   0.0029960000     0.99900000
      1.0000000     -1.9980000    0.015984000     0.72275000   0.0018983100     0.99935000
      1.0000000     -1.9942000    0.046265440   -0.035250000   0.0046877500     0.99825000
      1.0000000     -1.9984000    0.012789760     0.60535000   0.0010991900     0.99955000
      1.0000000     -1.9966000    0.027153760     0.85855000   0.0034947100     0.99885000
      1.0000000     -1.9974000    0.020772960     0.75230000   0.0027967600     0.99910000
      1.0000000     -1.9940000    0.047856000     0.52575000   0.0050863100     0.99815000
      1.0000000     -1.9964000    0.028748160     0.59190000   0.0041932400     0.99870000
      1.0000000     -1.9972000    0.022368640     0.56445000   0.0022971100     0.99915000
      1.0000000     -1.9982000    0.014387040    -0.53750000   0.0017985600     0.99940000
      1.0000000     -1.9964000    0.028748160     0.21180000   0.0047921600     0.99860000
      1.0000000     -1.9952000    0.038307840    -0.17000000   0.0041910000     0.99850000
      1.0000000     -1.9936000    0.051036160     0.53450000   0.0073788400     0.99770000
      1.0000000     -1.9978000    0.017580640     0.43970000   0.0013985600     0.99940000
      1.0000000     -1.9952000    0.038307840     0.19655000   0.0038915900     0.99855000
      1.0000000     -1.9970000    0.023964000   -0.078850000   0.0026963900     0.99905000
      1.0000000     -1.9956000    0.035122560    -0.10630000   0.0045910000     0.99850000
      1.0000000     -1.9962000    0.030342240    0.041100000   0.0045921600     0.99860000
      1.0000000     -1.9962000    0.030342240    -0.12025000   0.0030947100     0.99885000
      1.0000000     -1.9968000    0.025559040    0.056300000   0.0027960000     0.99900000
      1.0000000     -1.9938000    0.049446240    -0.29975000   0.0060831900     0.99795000
      1.0000000     -1.9972000    0.022368640    -0.74310000   0.0037951600     0.99890000
      1.0000000     -1.9954000    0.036715360   -0.036150000   0.0034927100     0.99865000
      1.0000000     -1.9960000    0.031936000    -0.43085000   0.0040927100     0.99865000
      1.0000000     -1.9944000    0.044674560    -0.62415000   0.0054863100     0.99815000
      1.0000000     -1.9968000    0.025559040     0.21815000   0.0036947100     0.99885000
      1.0000000     -1.9946000    0.043083360    0.075550000   0.0068831900     0.99795000
      1.0000000     -1.9934000    0.052625760     0.18310000   0.0071788400     0.99770000
      1.0000000     -1.9958000    0.033529440     0.31550000   0.0047910000     0.99850000
      1.0000000     -1.9986000    0.011192160     0.93630000  0.00099936000     0.99960000
      1.0000000     -1.9956000    0.035122560    -0.10225000   0.0060877500     0.99825000
      1.0000000     -1.9962000    0.030342240     0.20020000   0.0039932400     0.99870000
      1.0000000     -1.9966000    0.027153760   0.0053500000   0.0028955900     0.99895000
      1.0000000     -1.9970000    0.023964000   -0.040850000   0.0020971100     0.99915000
      1.0000000     -1.9962000    0.030342240     0.10545000   0.0054903900     0.99845000
      1.0000000     -1.9964000    0.028748160     0.45745000   0.0032947100     0.99885000
      1.0000000     -1.9972000    0.022368640    0.085150000   0.0022971100     0.99915000
      1.0000000     -1.9974000    0.020772960     0.43025000   0.0018977500     0.99925000
      1.0000000     -1.9934000    0.052625760     0.32360000   0.0065806400     0.99780000
      1.0000000     -1.9972000    0.022368640     0.69065000   0.0028963900     0.99905000
      1.0000000     -1.9954000    0.036715360     0.22780000   0.0049897600     0.99840000
      1.0000000     -1.9964000    0.028748160     0.75485000   0.0026955900     0.99895000
      1.0000000     -1.9978000    0.017580640    -0.31465000   0.0022977500     0.99925000
      1.0000000     -1.9936000    0.051036160    -0.71205000   0.0082759900     0.99755000
      1.0000000     -1.9958000    0.033529440     0.75420000   0.0053897600     0.99840000
      1.0000000     -1.9934000    0.052625760   -0.060850000   0.0074779100     0.99765000
      1.0000000     -1.9960000    0.031936000     0.18350000   0.0067870400     0.99820000
      1.0000000     -1.9980000    0.015984000     0.47645000   0.0018983100     0.99935000
      1.0000000     -1.9944000    0.044674560     0.50720000   0.0057855600     0.99810000
      1.0000000     -1.9950000    0.039900000   -0.089300000   0.0045897600     0.99840000
      1.0000000     -1.9958000    0.033529440     0.17605000   0.0044915900     0.99855000
      1.0000000     -1.9934000    0.052625760    -0.33525000   0.0062815100     0.99785000
      1.0000000     -1.9972000    0.022368640     0.62060000   0.0019974400     0.99920000
      1.0000000     -1.9960000    0.031936000     0.29890000   0.0043921600     0.99860000
      1.0000000     -1.9968000    0.025559040     0.46285000   0.0024963900     0.99905000
      1.0000000     -1.9990000   0.0079960000     0.96905000   0.0010995100     0.99965000
      1.0000000     -1.9956000    0.035122560     0.62010000   0.0039921600     0.99860000
      1.0000000     -1.9938000    0.049446240     0.10685000   0.0060831900     0.99795000
      1.0000000     -1.9956000    0.035122560     0.73795000   0.0042915900     0.99855000
      1.0000000     -1.9960000    0.031936000    -0.26250000   0.0037932400     0.99870000
      1.0000000     -1.9950000    0.039900000    -0.37240000   0.0045897600     0.99840000
      1.0000000     -1.9960000    0.031936000    -0.11125000   0.0028947100     0.99885000
      1.0000000     -1.9958000    0.033529440     0.47960000   0.0047910000     0.99850000
      1.0000000     -1.9982000    0.014387040     0.67395000   0.0014987900     0.99945000
      1.0000000     -1.9980000    0.015984000     0.35775000   0.0018983100     0.99935000
      1.0000000     -1.9976000    0.019176960     0.66690000   0.0017980400     0.99930000
      1.0000000     -1.9990000   0.0079960000    -0.42200000  0.00079964000     0.99970000
      1.0000000     -1.9960000    0.031936000    -0.27335000   0.0028947100     0.99885000
      1.0000000     -1.9938000    0.049446240    -0.11520000   0.0051855600     0.99810000
      1.0000000     -1.9984000    0.012789760     0.17500000   0.0019985600     0.99940000
      1.0000000     -1.9950000    0.039900000    0.058650000   0.0048891100     0.99835000
      1.0000000     -1.9934000    0.052625760     0.16030000   0.0089729600     0.99740000
      1.0000000     -1.9962000    0.030342240    -0.13930000   0.0027951600     0.99890000
      1.0000000     -1.9954000    0.036715360     0.17600000   0.0049897600     0.99840000
      1.0000000     -1.9956000    0.035122560     0.17850000   0.0039921600     0.99860000
      1.0000000     -1.9952000    0.038307840    -0.65010000   0.0053884400     0.99830000
      1.0000000     -1.9976000    0.019176960    -0.20170000   0.0017980400     0.99930000
      1.0000000     -1.9966000    0.027153760    -0.85995000   0.0040937500     0.99875000
      1.0000000     -1.9972000    0.022368640     0.23570000   0.0031960000     0.99900000
      1.0000000     -1.9968000    0.025559040    -0.24750000   0.0033951600     0.99890000
      1.0000000     -1.9960000    0.031936000     0.21800000   0.0049910000     0.99850000
      1.0000000     -1.9936000    0.051036160    -0.32015000   0.0064815100     0.99785000
      1.0000000     -1.9974000    0.020772960   -0.018100000   0.0021974400     0.99920000
      1.0000000     -1.9984000    0.012789760     0.80870000   0.0013990000     0.99950000
      1.0000000     -1.9952000    0.038307840   -0.034000000   0.0053884400     0.99830000
      1.0000000     -1.9968000    0.025559040    -0.50570000   0.0039942400     0.99880000
      1.0000000     -1.9954000    0.036715360     0.79225000   0.0046903900     0.99845000
      1.0000000     -1.9950000    0.039900000    -0.47030000   0.0051884400     0.99830000
      1.0000000     -1.9964000    0.028748160    -0.43890000   0.0035942400     0.99880000
      1.0000000     -1.9966000    0.027153760     0.41520000   0.0025960000     0.99900000
      1.0000000     -1.9982000    0.014387040    0.051300000   0.0011990000     0.99950000
      1.0000000     -1.9974000    0.020772960     0.18190000   0.0027967600     0.99910000
      1.0000000     -1.9946000    0.043083360    0.059500000   0.0059855600     0.99810000
      1.0000000     -1.9964000    0.028748160     0.35125000   0.0044927100     0.99865000
      1.0000000     -1.9958000    0.033529440    0.024050000   0.0044915900     0.99855000
      1.0000000     -1.9966000    0.027153760    -0.65385000   0.0052915900     0.99855000
      1.0000000     -1.9968000    0.025559040     0.79620000   0.0039942400     0.99880000
      1.0000000     -1.9934000    0.052625760    -0.15455000   0.0068797500     0.99775000
      1.0000000     -1.9968000    0.025559040    0.051100000   0.0033951600     0.99890000
      1.0000000     -1.9922000    0.062156640    -0.24150000   0.0095663600     0.99710000
      1.0000000     -1.9974000    0.020772960     0.36555000   0.0030963900     0.99905000
      1.0000000     -1.9966000    0.027153760     0.28530000   0.0025960000     0.99900000
      1.0000000     -1.9962000    0.030342240     0.21845000   0.0042927100     0.99865000
      1.0000000     -1.9954000    0.036715360     0.17785000   0.0040915900     0.99855000
      1.0000000     -1.9954000    0.036715360    0.043100000   0.0049897600     0.99840000
      1.0000000     -1.9968000    0.025559040   -0.047600000   0.0027960000     0.99900000
      1.0000000     -1.9944000    0.041491840    -0.56015000   0.0056863100     0.99815000
      1.0000000     -1.9968000    0.025559040     0.35445000   0.0030955900     0.99895000
      1.0000000     -1.9930000    0.055804000    -0.25440000   0.0061806400     0.99780000
      1.0000000     -1.9954000    0.036715360     0.28400000   0.0049897600     0.99840000
      1.0000000     -1.9968000    0.025559040     0.13465000   0.0030955900     0.99895000
      1.0000000     -1.9964000    0.028748160     0.46160000   0.0029951600     0.99890000
      1.0000000     -1.9944000    0.044674560    -0.18210000   0.0045884400     0.99830000
      1.0000000     -1.9952000    0.038307840     0.18000000   0.0047897600     0.99840000
      1.0000000     -1.9930000    0.055804000   -0.099150000   0.0070779100     0.99765000
      1.0000000     -1.9966000    0.027153760    -0.38365000   0.0028955900     0.99895000
      1.0000000     -1.9968000    0.025559040    -0.67975000   0.0024963900     0.99905000
      1.0000000     -1.9976000    0.019176960     0.96250000   0.0029967600     0.99910000
      1.0000000     -1.9956000    0.035122560     0.14895000   0.0036927100     0.99865000
      1.0000000     -1.9964000    0.028748160     0.71345000   0.0020963900     0.99905000
      1.0000000     -1.9940000    0.047856000   -0.042150000   0.0044877500     0.99825000
      1.0000000     -1.9974000    0.020772960  -0.0015500000   0.0018977500     0.99925000
      1.0000000     -1.9948000    0.041491840   -0.050800000   0.0061855600     0.99810000
      1.0000000     -1.9952000    0.038307840     0.57930000   0.0053884400     0.99830000
      1.0000000     -1.9976000    0.019176960     0.80725000   0.0032963900     0.99905000
      1.0000000     -1.9968000    0.025559040     0.73090000   0.0027960000     0.99900000
      1.0000000     -1.9952000    0.038307840    -0.53860000   0.0047897600     0.99840000
      1.0000000     -1.9916000    0.066917760    -0.25770000    0.010759040     0.99680000
      1.0000000     -1.9968000    0.025559040     0.16195000   0.0036947100     0.99885000
      1.0000000     -1.9944000    0.044674560   -0.077500000   0.0051870400     0.99820000
      1.0000000     -1.9944000    0.044674560   -0.022850000   0.0054863100     0.99815000
      1.0000000     -1.9960000    0.031936000   -0.036250000   0.0046915900     0.99855000
      1.0000000     -1.9952000    0.038307840     0.17370000   0.0053884400     0.99830000
      1.0000000     -1.9938000    0.049446240     0.10685000   0.0066815100     0.99785000
      1.0000000     -1.9962000    0.030342240    -0.34605000   0.0036937500     0.99875000
      1.0000000     -1.9966000    0.027153760     0.49315000   0.0028955900     0.99895000
      1.0000000     -1.9962000    0.030342240    -0.79665000   0.0042927100     0.99865000
      1.0000000     -1.9970000    0.023964000    -0.48460000   0.0023967600     0.99910000
      1.0000000     -1.9942000    0.046265440     0.24125000   0.0064831900     0.99795000
      1.0000000     -1.9942000    0.046265440    -0.35020000   0.0055855600     0.99810000
      1.0000000     -1.9956000    0.035122560    0.019400000   0.0027942400     0.99880000
      1.0000000     -1.9942000    0.046265440     0.61705000   0.0040891100     0.99835000
      1.0000000     -1.9964000    0.028748160     0.47660000   0.0029951600     0.99890000
      1.0000000     -1.9962000    0.030342240     0.25385000   0.0036937500     0.99875000
      1.0000000     -1.9968000    0.025559040     0.43680000   0.0027960000     0.99900000
      1.0000000     -1.9956000    0.035122560     0.41065000   0.0054891100     0.99835000
      1.0000000     -1.9968000    0.025559040     0.62175000   0.0030955900     0.99895000
      1.0000000     -1.9972000    0.022368640     0.24190000   0.0025967600     0.99910000
      1.0000000     -1.9918000    0.065331040     0.17675000   0.0088675100     0.99715000
      1.0000000     -1.9960000    0.031936000     0.77320000   0.0037932400     0.99870000
      1.0000000     -1.9946000    0.043083360    0.027650000   0.0038903900     0.99845000
      1.0000000     -1.9962000    0.030342240    0.041550000   0.0042927100     0.99865000
      1.0000000     -1.9964000    0.028748160    -0.21945000   0.0026955900     0.99895000
      1.0000000     -1.9990000   0.0079960000     0.37485000   0.0010995100     0.99965000
      1.0000000     -1.9948000    0.041491840     0.10825000   0.0058863100     0.99815000
      1.0000000     -1.9950000    0.039900000     0.13115000   0.0054877500     0.99825000
      1.0000000     -1.9980000    0.015984000     0.54955000   0.0018983100     0.99935000
      1.0000000     -1.9950000    0.039900000    -0.19945000   0.0042903900     0.99845000
      1.0000000     -1.9942000    0.046265440     0.78540000   0.0061840000     0.99800000
      1.0000000     -1.9972000    0.022368640     0.61960000   0.0031960000     0.99900000
      1.0000000     -1.9968000    0.025559040    -0.66430000   0.0021967600     0.99910000
      1.0000000     -1.9972000    0.022368640     0.20725000   0.0028963900     0.99905000
      1.0000000     -1.9974000    0.020772960    -0.63490000   0.0027967600     0.99910000
      1.0000000     -1.9974000    0.020772960     0.78350000   0.0027967600     0.99910000
      1.0000000     -1.9962000    0.030342240    -0.42415000   0.0042927100     0.99865000
      1.0000000     -1.9956000    0.035122560     0.13390000   0.0039921600     0.99860000
      1.0000000     -1.9964000    0.028748160     0.99860000   0.0029951600     0.99890000
      1.0000000     -1.9944000    0.044674560     0.19455000   0.0054863100     0.99815000
      1.0000000     -1.9962000    0.030342240     0.21805000   0.0024955900     0.99895000
      1.0000000     -1.9970000    0.023964000     0.12890000   0.0029960000     0.99900000
      1.0000000     -1.9938000    0.049446240    -0.42960000   0.0057840000     0.99800000
      1.0000000     -1.9954000    0.036715360    -0.13250000   0.0055884400     0.99830000
      1.0000000     -1.9938000    0.049446240    -0.13790000   0.0069806400     0.99780000
      1.0000000     -1.9966000    0.027153760     0.70670000   0.0037942400     0.99880000
      1.0000000     -1.9970000    0.023964000     0.77405000   0.0032955900     0.99895000
      1.0000000     -1.9980000    0.015984000    -0.36215000   0.0018983100     0.99935000
      1.0000000     -1.9930000    0.055804000    -0.29950000   0.0061806400     0.99780000
      1.0000000     -1.9944000    0.044674560    -0.39620000   0.0063840000     0.99800000
      1.0000000     -1.9950000    0.039900000     0.31035000   0.0054877500     0.99825000
      1.0000000     -1.9956000    0.035122560    -0.14275000   0.0048903900     0.99845000
      1.0000000     -1.9960000    0.031936000     0.18915000   0.0034937500     0.99875000
      1.0000000     -1.9970000    0.023964000    0.075950000   0.0026963900     0.99905000
      1.0000000     -1.9954000    0.036715360     0.52765000   0.0046903900     0.99845000
      1.0000000     -1.9948000    0.041491840     0.31925000   0.0058863100     0.99815000
      1.0000000     -1.9982000    0.014387040    -0.43940000   0.0011990000     0.99950000
      1.0000000     -1.9954000    0.036715360     0.61175000   0.0058877500     0.99825000
      1.0000000     -1.9982000    0.014387040     0.11550000   0.0011990000     0.99950000
      1.0000000     -1.9970000    0.023964000    -0.39790000   0.0029960000     0.99900000
      1.0000000     -1.9978000    0.017580640    -0.11815000   0.0016983100     0.99935000
      1.0000000     -1.9970000    0.023964000    -0.26100000   0.0035951600     0.99890000
      1.0000000     -1.9976000    0.019176960     0.30755000   0.0026971100     0.99915000
      1.0000000     -1.9956000    0.035122560     0.43355000   0.0048903900     0.99845000
      1.0000000     -1.9980000    0.015984000     0.85795000   0.0012987900     0.99945000
      1.0000000     -1.9968000    0.025559040     0.28135000   0.0030955900     0.99895000
      1.0000000     -1.9962000    0.030342240     0.56730000   0.0033942400     0.99880000
      1.0000000     -1.9946000    0.043083360   -0.010350000   0.0050877500     0.99825000
      1.0000000     -1.9974000    0.020772960     0.66510000   0.0015980400     0.99930000
      1.0000000     -1.9984000    0.012789760    -0.49600000   0.0013990000     0.99950000
      1.0000000     -1.9958000    0.033529440 -5.0000000E-05   0.0038927100     0.99865000
      1.0000000     -1.9914000    0.068504160     0.48940000    0.010559040     0.99680000
      1.0000000     -1.9962000    0.030342240    -0.29330000   0.0039932400     0.99870000
      1.0000000     -1.9934000    0.052625760    0.093950000   0.0050847900     0.99805000
      1.0000000     -1.9986000    0.011192160     0.57630000   0.0015990000     0.99950000
      1.0000000     -1.9968000    0.025559040    0.018200000   0.0027960000     0.99900000
      1.0000000     -1.9962000    0.030342240    -0.16090000   0.0027951600     0.99890000
      1.0000000     -1.9950000    0.039900000    -0.59295000   0.0048891100     0.99835000
      1.0000000     -1.9984000    0.012789760     0.83960000   0.0019985600     0.99940000
      1.0000000     -1.9970000    0.023964000     0.43060000   0.0041942400     0.99880000
      1.0000000     -1.9966000    0.027153760     0.21505000   0.0034947100     0.99885000
      1.0000000     -1.9950000    0.039900000     0.16005000   0.0048891100     0.99835000
      1.0000000     -1.9964000    0.028748160     0.45155000   0.0038937500     0.99875000
      1.0000000     -1.9982000    0.014387040     0.17940000   0.0023980400     0.99930000
      1.0000000     -1.9978000    0.017580640    -0.64415000   0.0022977500     0.99925000
      1.0000000     -1.9970000    0.023964000     0.29120000   0.0029960000     0.99900000
      1.0000000     -1.9970000    0.023964000    -0.63195000   0.0032955900     0.99895000
      1.0000000     -1.9940000    0.047856000     0.20955000   0.0050863100     0.99815000
      1.0000000     -1.9966000    0.027153760     0.51655000   0.0046927100     0.99865000
      1.0000000     -1.9940000    0.047856000    -0.85415000   0.0068815100     0.99785000
      1.0000000     -1.9972000    0.022368640   -0.061450000   0.0028963900     0.99905000
      1.0000000     -1.9960000    0.031936000    0.060800000   0.0031942400     0.99880000
      1.0000000     -1.9948000    0.041491840     0.53410000   0.0049884400     0.99830000
      1.0000000     -1.9984000    0.012789760    -0.25635000   0.0010991900     0.99955000
      1.0000000     -1.9954000    0.036715360    0.063850000   0.0040915900     0.99855000
      1.0000000     -1.9976000    0.019176960     0.54070000   0.0023974400     0.99920000
      1.0000000     -1.9972000    0.022368640     0.34065000   0.0028963900     0.99905000
      1.0000000     -1.9966000    0.027153760   -0.029100000   0.0025960000     0.99900000
      1.0000000     -1.9964000    0.028748160    -0.10200000   0.0035942400     0.99880000
      1.0000000     -1.9970000    0.023964000    0.047350000   0.0026963900     0.99905000
      1.0000000     -1.9962000    0.030342240    -0.54360000   0.0039932400     0.99870000
      1.0000000     -1.9958000    0.033529440     0.31155000   0.0044915900     0.99855000
      1.0000000     -1.9962000    0.030342240     0.34330000   0.0051910000     0.99850000
      1.0000000     -1.9948000    0.041491840     0.29455000   0.0052877500     0.99825000
      1.0000000     -1.9958000    0.033529440     0.94320000   0.0035932400     0.99870000
      1.0000000     -1.9974000    0.020772960     0.24400000   0.0027967600     0.99910000
      1.0000000     -1.9928000    0.057392640    -0.24375000   0.0056815100     0.99785000
      1.0000000     -1.9962000    0.030342240    -0.46595000   0.0042927100     0.99865000
      1.0000000     -1.9930000    0.055804000    -0.10915000   0.0082739900     0.99745000
      1.0000000     -1.9958000    0.033529440     0.29915000   0.0038927100     0.99865000
      1.0000000     -1.9978000    0.014387040     0.27885000   0.0018983100     0.99935000
      1.0000000     -1.9954000    0.036715360     0.20800000   0.0055884400     0.99830000
      1.0000000     -1.9944000    0.044674560     0.51965000   0.0060847900     0.99805000
      1.0000000     -1.9980000    0.015984000   -0.066600000   0.0015985600     0.99940000
      1.0000000     -1.9942000    0.046265440     0.44020000   0.0043884400     0.99830000
      1.0000000     -1.9930000    0.055804000    -0.18995000   0.0076759900     0.99755000
      1.0000000     -1.9958000    0.033529440     0.96750000   0.0035932400     0.99870000
      1.0000000     -1.9968000    0.025559040     0.37795000   0.0030955900     0.99895000
      1.0000000     -1.9968000    0.025559040     0.11400000   0.0033951600     0.99890000
      1.0000000     -1.9946000    0.043083360    -0.56670000   0.0047884400     0.99830000
      1.0000000     -1.9950000    0.039900000    -0.30580000   0.0051884400     0.99830000
      1.0000000     -1.9962000    0.030342240    -0.39145000   0.0030947100     0.99885000
      1.0000000     -1.9960000    0.031936000    -0.28725000   0.0034937500     0.99875000
      1.0000000     -1.9978000    0.017580640     0.10740000   0.0019980400     0.99930000
      1.0000000     -1.9970000    0.023964000    -0.33545000   0.0026963900     0.99905000
      1.0000000     -1.9940000    0.047856000     0.12340000   0.0059840000     0.99800000
      1.0000000     -1.9966000    0.027153760   -0.052500000   0.0025960000     0.99900000
      1.0000000     -1.9926000    0.058980960   -0.046750000   0.0084719100     0.99735000
      1.0000000     -1.9966000    0.027153760    -0.20210000   0.0025960000     0.99900000
      1.0000000     -1.9948000    0.041491840     0.41310000   0.0061855600     0.99810000
      1.0000000     -1.9976000    0.019176960     0.99930000   0.0017980400     0.99930000
      1.0000000     -1.9926000    0.058980960     0.19360000   0.0081729600     0.99740000
      1.0000000     -1.9970000    0.023964000     0.75555000   0.0032955900     0.99895000
      1.0000000     -1.9960000    0.031936000    -0.62040000   0.0031942400     0.99880000
      1.0000000     -1.9926000    0.058980960     0.50250000   0.0063788400     0.99770000
      1.0000000     -1.9950000    0.039900000     0.10885000   0.0048891100     0.99835000
      1.0000000     -1.9954000    0.036715360     0.51525000   0.0034927100     0.99865000
      1.0000000     -1.9948000    0.041491840   -0.061200000   0.0043897600     0.99840000
      1.0000000     -1.9954000    0.036715360     0.64270000   0.0055884400     0.99830000
      1.0000000     -1.9972000    0.022368640    -0.58610000   0.0019974400     0.99920000
      1.0000000     -1.9978000    0.017580640     0.42625000   0.0022977500     0.99925000
      1.0000000     -1.9962000    0.030342240   -0.095650000   0.0024955900     0.99895000
      1.0000000     -1.9938000    0.049446240    -0.11715000   0.0066815100     0.99785000
      1.0000000     -1.9952000    0.038307840    -0.22345000   0.0044903900     0.99845000
      1.0000000     -1.9962000    0.030342240     0.44490000   0.0039932400     0.99870000
      1.0000000     -1.9946000    0.043083360    -0.43620000   0.0059855600     0.99810000
      1.0000000     -1.9942000    0.046265440     0.36150000   0.0073806400     0.99780000
      1.0000000     -1.9976000    0.019176960     0.63865000   0.0020977500     0.99925000
      1.0000000     -1.9972000    0.022368640     0.30165000   0.0022971100     0.99915000
      1.0000000     -1.9958000    0.033529440   -0.062450000   0.0050903900     0.99845000
      1.0000000     -1.9948000    0.041491840     0.46730000   0.0055870400     0.99820000
      1.0000000     -1.9954000    0.036715360     0.52570000   0.0049897600     0.99840000
      1.0000000     -1.9954000    0.036715360     0.63780000   0.0055884400     0.99830000
      1.0000000     -1.9974000    0.020772960     0.52200000   0.0021974400     0.99920000
      1.0000000     -1.9978000    0.017580640    -0.33965000   0.0016983100     0.99935000
      1.0000000     -1.9962000    0.030342240     0.25555000   0.0036937500     0.99875000
      1.0000000     -1.9978000    0.017580640     0.73335000   0.0016983100     0.99935000
      1.0000000     -1.9950000    0.039900000     0.17575000   0.0054877500     0.99825000
      1.0000000     -1.9958000    0.033529440     0.26455000   0.0038927100     0.99865000
      1.0000000     -1.9958000    0.033529440    -0.49055000   0.0038927100     0.99865000
      1.0000000     -1.9942000    0.046265440     0.18505000   0.0058847900     0.99805000
      1.0000000     -1.9958000    0.033529440     0.50840000   0.0053897600     0.99840000
      1.0000000     -1.9960000    0.031936000    -0.26390000   0.0037932400     0.99870000
      1.0000000     -1.9958000    0.033529440    -0.30390000   0.0047910000     0.99850000
      1.0000000     -1.9960000    0.031936000     0.91555000   0.0046915900     0.99855000
      1.0000000     -1.9964000    0.028748160     0.21145000   0.0038937500     0.99875000
      1.0000000     -1.9964000    0.028748160     0.53715000   0.0050915900     0.99855000
      1.0000000     -1.9932000    0.054215040    0.072750000   0.0084739900     0.99745000
      1.0000000     -1.9964000    0.028748160     0.58170000   0.0035942400     0.99880000
      1.0000000     -1.9956000    0.035122560    0.030550000   0.0042915900     0.99855000
      1.0000000     -1.9964000    0.028748160     0.46825000   0.0038937500     0.99875000
      1.0000000     -1.9950000    0.039900000    -0.10060000   0.0045897600     0.99840000
      1.0000000     -1.9976000    0.019176960    -0.22425000   0.0020977500     0.99925000
      1.0000000     -1.9966000    0.027153760    0.080500000   0.0037942400     0.99880000
      1.0000000     -1.9972000    0.022368640    -0.65550000   0.0025967600     0.99910000
      1.0000000     -1.9966000    0.027153760     0.15490000   0.0031951600     0.99890000
      1.0000000     -1.9962000    0.030342240     0.68160000   0.0039932400     0.99870000
      1.0000000     -1.9960000    0.031936000    -0.25095000   0.0040927100     0.99865000
      1.0000000     -1.9956000    0.035122560     0.21285000   0.0048903900     0.99845000
      1.0000000     -1.9940000    0.047856000     0.26830000   0.0053855600     0.99810000
      1.0000000     -1.9930000    0.055804000     0.26830000   0.0085729600     0.99740000
      1.0000000     -1.9962000    0.030342240    0.073300000   0.0033942400     0.99880000
      1.0000000     -1.9960000    0.031936000     0.52105000   0.0046915900     0.99855000
      1.0000000     -1.9958000    0.033529440     0.61300000   0.0041921600     0.99860000
      1.0000000     -1.9970000    0.023964000    -0.41625000   0.0026963900     0.99905000
      1.0000000     -1.9950000    0.039900000     0.18790000   0.0051884400     0.99830000
      1.0000000     -1.9980000    0.015984000     0.93220000   0.0027974400     0.99920000
      1.0000000     -1.9960000    0.031936000    0.026650000   0.0034937500     0.99875000
      1.0000000     -1.9946000    0.043083360   -0.064550000   0.0050877500     0.99825000
      1.0000000     -1.9954000    0.036715360     0.77090000   0.0055884400     0.99830000
      1.0000000     -1.9956000    0.035122560    -0.27030000   0.0039921600     0.99860000
      1.0000000     -1.9966000    0.027153760    -0.27680000   0.0031951600     0.99890000
      1.0000000     -1.9986000    0.011192160    -0.60990000   0.0015990000     0.99950000
      1.0000000     -1.9958000    0.033529440     0.47585000   0.0038927100     0.99865000
      1.0000000     -1.9966000    0.027153760     0.98310000   0.0031951600     0.99890000
      1.0000000     -1.9970000    0.023964000    -0.46940000   0.0029960000     0.99900000
      1.0000000     -1.9968000    0.025559040     0.88485000   0.0018971100     0.99915000
      1.0000000     -1.9968000    0.025559040     0.82455000   0.0042937500     0.99875000
      1.0000000     -1.9970000    0.023964000     0.93785000   0.0032955900     0.99895000
      1.0000000     -1.9942000    0.046265440     0.45650000   0.0067823600     0.99790000
      1.0000000     -1.9950000    0.039900000    -0.38740000   0.0051884400     0.99830000
      1.0000000     -1.9958000    0.033529440     0.65620000   0.0041921600     0.99860000
      1.0000000     -1.9974000    0.020772960    0.052700000   0.0027967600     0.99910000
      1.0000000     -1.9970000    0.023964000     0.30780000   0.0029960000     0.99900000
      1.0000000     -1.9970000    0.023964000     0.97470000   0.0029960000     0.99900000
      1.0000000     -1.9966000    0.027153760     0.35160000   0.0031951600     0.99890000
      1.0000000     -1.9978000    0.017580640     0.54050000   0.0013985600     0.99940000
      1.0000000     -1.9974000    0.020772960     0.32615000   0.0036955900     0.99895000
      1.0000000     -1.9966000    0.027153760     0.99860000   0.0043932400     0.99870000
      1.0000000     -1.9968000    0.025559040    -0.75750000   0.0021967600     0.99910000
      1.0000000     -1.9970000    0.023964000     0.92170000   0.0035951600     0.99890000
      1.0000000     -1.9976000    0.019176960     0.65345000   0.0026971100     0.99915000
      1.0000000     -1.9976000    0.019176960     0.43405000   0.0032963900     0.99905000
      1.0000000     -1.9980000    0.015984000    -0.56040000   0.0027974400     0.99920000
      1.0000000     -1.9954000    0.036715360    0.089600000   0.0049897600     0.99840000
      1.0000000     -1.9940000    0.047856000    -0.55935000   0.0050863100     0.99815000
      1.0000000     -1.9966000    0.027153760    0.037950000   0.0028955900     0.99895000
      1.0000000     -1.9962000    0.030342240     0.43045000   0.0048915900     0.99855000
      1.0000000     -1.9982000    0.014387040    -0.21395000   0.0026977500     0.99925000
      1.0000000     -1.9966000    0.027153760    -0.16565000   0.0034947100     0.99885000
      1.0000000     -1.9944000    0.044674560    -0.14025000   0.0066831900     0.99795000
      1.0000000     -1.9972000    0.022368640     0.18210000   0.0025967600     0.99910000
      1.0000000     -1.9954000    0.036715360     0.31665000   0.0052891100     0.99835000
      1.0000000     -1.9942000    0.046265440   -0.063950000   0.0064831900     0.99795000
      1.0000000     -1.9982000    0.014387040     0.91820000   0.0011990000     0.99950000
      1.0000000     -1.9954000    0.036715360     0.54810000   0.0043910000     0.99850000
      1.0000000     -1.9940000    0.047856000    -0.37315000   0.0074797500     0.99775000
      1.0000000     -1.9968000    0.025559040    -0.24975000   0.0030955900     0.99895000
      1.0000000     -1.9962000    0.030342240    -0.23915000   0.0030947100     0.99885000
      1.0000000     -1.9968000    0.025559040     0.87890000   0.0027960000     0.99900000
      1.0000000     -1.9948000    0.041491840     0.52290000   0.0067840000     0.99800000
      1.0000000     -1.9948000    0.041491840     0.39525000   0.0040903900     0.99845000
      1.0000000     -1.9964000    0.028748160   -0.020500000   0.0041932400     0.99870000
      1.0000000     -1.9950000    0.039900000     0.37630000   0.0051884400     0.99830000
      1.0000000     -1.9970000    0.023964000     0.31180000   0.0029960000     0.99900000
      1.0000000     -1.9952000    0.038307840    -0.18390000   0.0053884400     0.99830000
      1.0000000     -1.9962000    0.030342240    -0.54315000   0.0042927100     0.99865000
      1.0000000     -1.9978000    0.017580640    0.063650000   0.0016983100     0.99935000
      1.0000000     -1.9942000    0.046265440    -0.45855000   0.0046877500     0.99825000
      1.0000000     -1.9898000    0.081183840     0.21355000    0.011646710     0.99635000
      1.0000000     -1.9948000    0.041491840    -0.58985000   0.0052877500     0.99825000
      1.0000000     -1.9966000    0.027153760     0.87755000   0.0034947100     0.99885000
      1.0000000     -1.9928000    0.057392640    -0.15710000   0.0071769600     0.99760000
      1.0000000     -1.9966000    0.027153760    -0.30270000   0.0031951600     0.99890000
      1.0000000     -1.9960000    0.031936000     0.58540000   0.0031942400     0.99880000
      1.0000000     -1.9964000    0.028748160     0.18495000   0.0038937500     0.99875000
      1.0000000     -1.9970000    0.023964000     0.44390000   0.0029960000     0.99900000
      1.0000000     -1.9958000    0.033529440    -0.38675000   0.0038927100     0.99865000
      1.0000000     -1.9974000    0.020772960    -0.40275000   0.0030963900     0.99905000
      1.0000000     -1.9948000    0.041491840     0.11020000   0.0043897600     0.99840000
      1.0000000     -1.9978000    0.017580640    0.012700000   0.0025974400     0.99920000
      1.0000000     -1.9960000    0.031936000    -0.64930000   0.0043921600     0.99860000
      1.0000000     -1.9972000    0.022368640     0.28810000   0.0031960000     0.99900000
      1.0000000     -1.9950000    0.039900000   -0.049400000   0.0045897600     0.99840000
      1.0000000     -1.9962000    0.030342240     0.15065000   0.0024955900     0.99895000
      1.0000000     -1.9958000    0.033529440    -0.79885000   0.0038927100     0.99865000
      1.0000000     -1.9946000    0.043083360    -0.29960000   0.0041897600     0.99840000
      1.0000000     -1.9952000    0.038307840     0.50700000   0.0053884400     0.99830000
      1.0000000     -1.9970000    0.023964000    -0.45955000   0.0032955900     0.99895000
      1.0000000     -1.9944000    0.044674560     0.44985000   0.0042891100     0.99835000
      1.0000000     -1.9972000    0.022368640     0.24710000   0.0025967600     0.99910000
      1.0000000     -1.9954000    0.036715360     0.70385000   0.0040915900     0.99855000
      1.0000000     -1.9972000    0.022368640    -0.13235000   0.0034955900     0.99895000
      1.0000000     -1.9924000    0.060568960    -0.56200000   0.0091686400     0.99720000
      1.0000000     -1.9940000    0.047856000    -0.20980000   0.0053855600     0.99810000
      1.0000000     -1.9934000    0.052625760     0.55445000   0.0074779100     0.99765000
      1.0000000     -1.9960000    0.031936000     0.12870000   0.0037932400     0.99870000
      1.0000000     -1.9968000    0.025559040    0.065600000   0.0021967600     0.99910000
      1.0000000     -1.9948000    0.041491840     0.16565000   0.0046891100     0.99835000
      1.0000000     -1.9954000    0.036715360     0.23810000   0.0037921600     0.99860000
      1.0000000     -1.9982000    0.014387040     0.29085000   0.0014987900     0.99945000
      1.0000000     -1.9956000    0.035122560    -0.52530000   0.0033932400     0.99870000
      1.0000000     -1.9956000    0.035122560    -0.19300000   0.0039921600     0.99860000
      1.0000000     -1.9958000    0.033529440     0.17700000   0.0029942400     0.99880000
      1.0000000     -1.9906000    0.074846560    0.034550000    0.010057750     0.99675000
      1.0000000     -1.9958000    0.033529440    -0.32375000   0.0032937500     0.99875000
      1.0000000     -1.9986000    0.011192160     0.35745000  0.00069951000     0.99965000
      1.0000000     -1.9936000    0.051036160    -0.32690000   0.0073788400     0.99770000
      1.0000000     -1.9952000    0.038307840     0.80705000   0.0038915900     0.99855000
      1.0000000     -1.9948000    0.041491840    -0.33835000   0.0052877500     0.99825000
      1.0000000     -1.9952000    0.038307840    -0.25565000   0.0050891100     0.99835000
      1.0000000     -1.9976000    0.019176960     0.81015000   0.0026971100     0.99915000
      1.0000000     -1.9950000    0.039900000    -0.55970000   0.0051884400     0.99830000
      1.0000000     -1.9958000    0.033529440     0.55685000   0.0038927100     0.99865000
      1.0000000     -1.9960000    0.031936000    -0.39575000   0.0034937500     0.99875000
      1.0000000     -1.9972000    0.022368640     0.16200000   0.0031960000     0.99900000
      1.0000000     -1.9944000    0.044674560    -0.31580000   0.0057855600     0.99810000
      1.0000000     -1.9916000    0.066917760    -0.17915000   0.0086675100     0.99715000
      1.0000000     -1.9948000    0.041491840     0.28525000   0.0052877500     0.99825000
      1.0000000     -1.9964000    0.028748160    -0.26985000   0.0032947100     0.99885000
      1.0000000     -1.9966000    0.027153760   -0.073750000   0.0028955900     0.99895000
      1.0000000     -1.9928000    0.057392640     0.18940000   0.0065788400     0.99770000
      1.0000000     -1.9944000    0.044674560   -0.038450000   0.0054863100     0.99815000
      1.0000000     -1.9966000    0.027153760   -0.090750000   0.0034947100     0.99885000
      1.0000000     -1.9940000    0.047856000   -0.043800000   0.0053855600     0.99810000
      1.0000000     -1.9972000    0.022368640     0.30025000   0.0028963900     0.99905000
      1.0000000     -1.9968000    0.025559040   -0.066400000   0.0033951600     0.99890000
      1.0000000     -1.9926000    0.058980960     0.11540000   0.0069769600     0.99760000
      1.0000000     -1.9970000    0.023964000     0.14725000   0.0026963900     0.99905000
      1.0000000     -1.9974000    0.020772960    -0.21430000   0.0021974400     0.99920000
      1.0000000     -1.9954000    0.036715360     0.11935000   0.0040915900     0.99855000
      1.0000000     -1.9958000    0.033529440    -0.44350000   0.0041921600     0.99860000
      1.0000000     -1.9968000    0.025559040     0.53850000   0.0033951600     0.99890000
      1.0000000     -1.9964000    0.028748160     0.67730000   0.0035942400     0.99880000
      1.0000000     -1.9976000    0.019176960    -0.92225000   0.0014983100     0.99935000
      1.0000000     -1.9944000    0.044674560     0.17720000   0.0057855600     0.99810000
      1.0000000     -1.9966000    0.027153760     0.12165000   0.0028955900     0.99895000
      1.0000000     -1.9972000    0.022368640    -0.36870000   0.0019974400     0.99920000
      1.0000000     -1.9960000    0.031936000    0.060450000   0.0040927100     0.99865000
      1.0000000     -1.9974000    0.020772960   0.0030000000   0.0027967600     0.99910000
      1.0000000     -1.9962000    0.030342240     0.56220000   0.0033942400     0.99880000
      1.0000000     -1.9972000    0.022368640   -0.035000000   0.0025967600     0.99910000
      1.0000000     -1.9956000    0.035122560     0.54715000   0.0048903900     0.99845000
      1.0000000     -1.9936000    0.051036160    -0.17130000   0.0067806400     0.99780000
      1.0000000     -1.9964000    0.028748160     0.67935000   0.0038937500     0.99875000
      1.0000000     -1.9964000    0.028748160    0.025650000   0.0032947100     0.99885000
      1.0000000     -1.9916000    0.066917760     0.20285000   0.0080697500     0.99725000
      1.0000000     -1.9968000    0.025559040     0.17380000   0.0027960000     0.99900000
      1.0000000     -1.9964000    0.028748160    -0.10825000   0.0032947100     0.99885000
      1.0000000     -1.9972000    0.022368640    -0.90295000   0.0016977500     0.99925000
      1.0000000     -1.9972000    0.022368640     0.34495000   0.0028963900     0.99905000
      1.0000000     -1.9974000    0.020772960     0.84645000   0.0024971100     0.99915000
      1.0000000     -1.9966000    0.027153760     0.38975000   0.0034947100     0.99885000
      1.0000000     -1.9964000    0.028748160     0.39260000   0.0029951600     0.99890000
      1.0000000     -1.9966000    0.027153760   -0.083350000   0.0022963900     0.99905000
      1.0000000     -1.9962000    0.030342240    -0.17400000   0.0039932400     0.99870000
      1.0000000     -1.9972000    0.022368640    -0.19095000   0.0022971100     0.99915000
      1.0000000     -1.9960000    0.031936000     0.12250000   0.0031942400     0.99880000
      1.0000000     -1.9940000    0.047856000    -0.11365000   0.0056847900     0.99805000
      1.0000000     -1.9952000    0.038307840    -0.53170000   0.0047897600     0.99840000
      1.0000000     -1.9992000   0.0063974400    -0.44420000  0.00039984000     0.99980000
      1.0000000     -1.9964000    0.028748160     0.59770000   0.0035942400     0.99880000
      1.0000000     -1.9970000    0.023964000    0.091400000   0.0023967600     0.99910000
      1.0000000     -1.9940000    0.047856000     0.26950000   0.0077788400     0.99770000
      1.0000000     -1.9972000    0.022368640     0.78795000   0.0028963900     0.99905000
      1.0000000     -1.9956000    0.035122560     0.18490000   0.0045910000     0.99850000
      1.0000000     -1.9952000    0.038307840    0.037350000   0.0038915900     0.99855000
      1.0000000     -1.9976000    0.019176960    -0.18475000   0.0014983100     0.99935000
      1.0000000     -1.9954000    0.036715360    0.095550000   0.0046903900     0.99845000
      1.0000000     -1.9948000    0.041491840    -0.48020000   0.0055870400     0.99820000
      1.0000000     -1.9950000    0.039900000     0.14255000   0.0042903900     0.99845000
      1.0000000     -1.9974000    0.020772960    -0.43625000   0.0030963900     0.99905000
      1.0000000     -1.9978000    0.017580640     0.90665000   0.0022977500     0.99925000
      1.0000000     -1.9914000    0.068504160     0.22460000   0.0087663600     0.99710000
      1.0000000     -1.9970000    0.023964000     0.52360000   0.0023967600     0.99910000
      1.0000000     -1.9970000    0.023964000    -0.55750000   0.0029960000     0.99900000
      1.0000000     -1.9982000    0.014387040     0.57690000   0.0011990000     0.99950000
      1.0000000     -1.9970000    0.023964000    -0.14225000   0.0032955900     0.99895000
      1.0000000     -1.9964000    0.028748160    -0.30410000   0.0029951600     0.99890000
      1.0000000     -1.9988000   0.0095942400     0.12245000   0.0014991900     0.99955000
      1.0000000     -1.9962000    0.030342240     0.41590000   0.0039932400     0.99870000
      1.0000000     -1.9964000    0.028748160    -0.60710000   0.0041932400     0.99870000
      1.0000000     -1.9966000    0.027153760     0.20470000   0.0031951600     0.99890000
      1.0000000     -1.9950000    0.039900000   -0.085150000   0.0048891100     0.99835000
      1.0000000     -1.9964000    0.028748160    -0.27365000   0.0044927100     0.99865000
      1.0000000     -1.9944000    0.044674560     0.11355000   0.0060847900     0.99805000
      1.0000000     -1.9952000    0.038307840    -0.16430000   0.0053884400     0.99830000
      1.0000000     -1.9986000    0.011192160   0.0018000000   0.0015990000     0.99950000
      1.0000000     -1.9958000    0.033529440    -0.33570000   0.0035932400     0.99870000
      1.0000000     -1.9972000    0.022368640     0.65415000   0.0034955900     0.99895000
      1.0000000     -1.9958000    0.033529440    -0.33390000   0.0041921600     0.99860000
      1.0000000     -1.9944000    0.044674560     0.53575000   0.0060847900     0.99805000
      1.0000000     -1.9970000    0.023964000     0.87575000   0.0032955900     0.99895000
      1.0000000     -1.9974000    0.020772960    -0.60935000   0.0024971100     0.99915000
      1.0000000     -1.9972000    0.022368640     0.81510000   0.0025967600     0.99910000
      1.0000000     -1.9972000    0.022368640     0.76965000   0.0034955900     0.99895000
      1.0000000     -1.9976000    0.019176960    -0.86795000   0.0020977500     0.99925000
      1.0000000     -1.9958000    0.033529440    -0.23585000   0.0038927100     0.99865000
      1.0000000     -1.9978000    0.017580640    -0.48225000   0.0022977500     0.99925000
      1.0000000     -1.9976000    0.019176960     0.14085000   0.0026971100     0.99915000
      1.0000000     -1.9974000    0.020772960     0.80230000   0.0021974400     0.99920000
      1.0000000     -1.9934000    0.052625760     0.28355000   0.0074779100     0.99765000
      1.0000000     -1.9994000   0.0047985600     0.48295000  0.00029991000     0.99985000
      1.0000000     -1.9950000    0.039900000     0.16730000   0.0039910000     0.99850000
      1.0000000     -1.9946000    0.043083360    0.040550000   0.0050877500     0.99825000
      1.0000000     -1.9942000    0.046265440  -0.0086500000   0.0070815100     0.99785000
      1.0000000     -1.9944000    0.044674560     0.20970000   0.0051870400     0.99820000
      1.0000000     -1.9934000    0.052625760     0.33030000   0.0053840000     0.99800000
      1.0000000     -1.9954000    0.036715360     0.10635000   0.0040915900     0.99855000
      1.0000000     -1.9974000    0.020772960     0.99910000   0.0015980400     0.99930000
      1.0000000     -1.9964000    0.028748160    -0.52955000   0.0032947100     0.99885000
      1.0000000     -1.9978000    0.017580640     0.56945000   0.0022977500     0.99925000
      1.0000000     -1.9964000    0.028748160   -0.070100000   0.0023960000     0.99900000
      1.0000000     -1.9970000    0.023964000     0.15170000   0.0029960000     0.99900000
      1.0000000     -1.9964000    0.028748160     0.21005000   0.0032947100     0.99885000
      1.0000000     -1.9952000    0.038307840    -0.63660000   0.0053884400     0.99830000
      1.0000000     -1.9986000    0.011192160  0.00070000000   0.0015990000     0.99950000
      1.0000000     -1.9970000    0.023964000    -0.66545000   0.0038947100     0.99885000
      1.0000000     -1.9980000    0.015984000     0.60905000   0.0012987900     0.99945000
      1.0000000     -1.9952000    0.038307840    0.075400000   0.0035921600     0.99860000
      1.0000000     -1.9950000    0.039900000   -0.025600000   0.0033921600     0.99860000
      1.0000000     -1.9958000    0.033529440     0.34610000   0.0047910000     0.99850000
      1.0000000     -1.9956000    0.035122560    0.050200000   0.0033932400     0.99870000
      1.0000000     -1.9956000    0.035122560     0.37490000   0.0045910000     0.99850000
      1.0000000     -1.9940000    0.047856000     0.37270000   0.0059840000     0.99800000
      1.0000000     -1.9968000    0.025559040     0.12940000   0.0039942400     0.99880000
      1.0000000     -1.9958000    0.033529440 -0.00060000000   0.0047910000     0.99850000
      1.0000000     -1.9958000    0.033529440    -0.63535000   0.0050903900     0.99845000
      1.0000000     -1.9958000    0.033529440    -0.20490000   0.0041921600     0.99860000
      1.0000000     -1.9956000    0.035122560     0.58120000   0.0051897600     0.99840000
      1.0000000     -1.9976000    0.019176960     0.90910000   0.0023974400     0.99920000
      1.0000000     -1.9952000    0.038307840    -0.24710000   0.0053884400     0.99830000
      1.0000000     -1.9970000    0.023964000     0.44725000   0.0032955900     0.99895000
      1.0000000     -1.9962000    0.030342240    -0.10490000   0.0039932400     0.99870000
      1.0000000     -1.9986000    0.011192160     0.47265000  0.00069951000     0.99965000
      1.0000000     -1.9958000    0.033529440    -0.17735000   0.0032937500     0.99875000
      1.0000000     -1.9992000   0.0063974400     0.99965000   0.0012995100     0.99965000
      1.0000000     -1.9960000    0.031936000     0.67050000   0.0031942400     0.99880000
      1.0000000     -1.9934000    0.052625760    -0.57745000   0.0062815100     0.99785000
      1.0000000     -1.9970000    0.023964000    -0.11130000   0.0023967600     0.99910000
      1.0000000     -1.9944000    0.044674560    0.067100000   0.0039897600     0.99840000
      1.0000000     -1.9978000    0.017580640     0.36430000   0.0025974400     0.99920000
      1.0000000     -1.9980000    0.015984000    -0.86640000   0.0015985600     0.99940000
      1.0000000     -1.9964000    0.028748160    -0.31925000   0.0032947100     0.99885000
      1.0000000     -1.9930000    0.055804000     0.14760000   0.0079750000     0.99750000
      1.0000000     -1.9958000    0.033529440     0.35175000   0.0038927100     0.99865000
      1.0000000     -1.9978000    0.017580640     0.37160000   0.0019980400     0.99930000
      1.0000000     -1.9968000    0.025559040    -0.50980000   0.0027960000     0.99900000
      1.0000000     -1.9964000    0.028748160     0.71625000   0.0044927100     0.99865000
      1.0000000     -1.9938000    0.049446240     0.36975000   0.0048863100     0.99815000
      1.0000000     -1.9944000    0.044674560    0.090700000   0.0033910000     0.99850000
      1.0000000     -1.9960000    0.031936000    0.041400000   0.0043921600     0.99860000
      1.0000000     -1.9942000    0.046265440    -0.56510000   0.0043884400     0.99830000
      1.0000000     -1.9948000    0.041491840    0.050200000   0.0055870400     0.99820000
      1.0000000     -1.9972000    0.022368640     0.33640000   0.0031960000     0.99900000
      1.0000000     -1.9960000    0.031936000    -0.36385000   0.0046915900     0.99855000
      1.0000000     -1.9942000    0.046265440    0.043550000   0.0052863100     0.99815000
      1.0000000     -1.9944000    0.044674560    -0.16895000   0.0048877500     0.99825000
      1.0000000     -1.9962000    0.030342240     0.65575000   0.0036937500     0.99875000
      1.0000000     -1.9976000    0.019176960    -0.82440000   0.0017980400     0.99930000
      1.0000000     -1.9980000    0.015984000     0.93945000   0.0024977500     0.99925000
      1.0000000     -1.9978000    0.017580640     0.40230000   0.0013985600     0.99940000
      1.0000000     -1.9990000   0.0079960000     0.69535000   0.0010995100     0.99965000
      1.0000000     -1.9978000    0.017580640    -0.49935000   0.0034963900     0.99905000
      1.0000000     -1.9956000    0.035122560     0.18385000   0.0042915900     0.99855000
      1.0000000     -1.9986000    0.011192160    -0.68580000   0.0015990000     0.99950000
      1.0000000     -1.9976000    0.019176960     0.11525000   0.0032963900     0.99905000
      1.0000000     -1.9990000   0.0079960000     0.23390000  0.00079964000     0.99970000
      1.0000000     -1.9944000    0.044674560     0.27265000   0.0060847900     0.99805000
      1.0000000     -1.9952000    0.038307840     0.64270000   0.0047897600     0.99840000
      1.0000000     -1.9980000    0.015984000     0.88465000   0.0024977500     0.99925000
      1.0000000     -1.9984000    0.012789760    -0.38230000  0.00079936000     0.99960000
      1.0000000     -1.9962000    0.030342240    -0.21820000   0.0051910000     0.99850000
      1.0000000     -1.9980000    0.015984000     0.32225000   0.0018983100     0.99935000
      1.0000000     -1.9948000    0.041491840     0.13035000   0.0064847900     0.99805000
      1.0000000     -1.9946000    0.043083360   -0.044950000   0.0056863100     0.99815000
      1.0000000     -1.9958000    0.033529440    -0.37450000   0.0023951600     0.99890000
      1.0000000     -1.9958000    0.033529440    -0.16975000   0.0044915900     0.99855000
      1.0000000     -1.9972000    0.022368640    -0.59395000   0.0028963900     0.99905000
      1.0000000     -1.9948000    0.041491840    -0.26905000   0.0052877500     0.99825000
      1.0000000     -1.9954000    0.036715360   -0.032150000   0.0034927100     0.99865000
      1.0000000     -1.9986000    0.011192160     0.88425000   0.0012991900     0.99955000
      1.0000000     -1.9972000    0.022368640    -0.15005000   0.0022971100     0.99915000
      1.0000000     -1.9966000    0.027153760     0.80600000   0.0025960000     0.99900000
      1.0000000     -1.9932000    0.054215040    -0.61080000   0.0081750000     0.99750000
      1.0000000     -1.9978000    0.017580640     0.50640000   0.0019980400     0.99930000
      1.0000000     -1.9954000    0.036715360     0.12800000   0.0049897600     0.99840000
      1.0000000     -1.9970000    0.023964000     0.14420000   0.0023967600     0.99910000
      1.0000000     -1.9938000    0.049446240    -0.20085000   0.0060831900     0.99795000
      1.0000000     -1.9974000    0.020772960     0.71875000   0.0030963900     0.99905000
      1.0000000     -1.9952000    0.038307840    -0.44510000   0.0047897600     0.99840000
      1.0000000     -1.9964000    0.028748160    -0.33155000   0.0026955900     0.99895000
      1.0000000     -1.9944000    0.044674560   -0.066450000   0.0066831900     0.99795000
      1.0000000     -1.9966000    0.027153760     0.37190000   0.0025960000     0.99900000
      1.0000000     -1.9964000    0.028748160    0.042900000   0.0029951600     0.99890000
      1.0000000     -1.9962000    0.030342240     0.46320000   0.0033942400     0.99880000
      1.0000000     -1.9968000    0.025559040     0.77825000   0.0042937500     0.99875000
      1.0000000     -1.9944000    0.044674560    0.054100000   0.0057855600     0.99810000
      1.0000000     -1.9966000    0.027153760    -0.16710000   0.0037942400     0.99880000
      1.0000000     -1.9964000    0.028748160    -0.42500000   0.0035942400     0.99880000
      1.0000000     -1.9956000    0.035122560     0.30210000   0.0039921600     0.99860000
      1.0000000     -1.9914000    0.068504160   0.0044000000    0.010559040     0.99680000
      1.0000000     -1.9952000    0.038307840     0.36570000   0.0053884400     0.99830000
      1.0000000     -1.9982000    0.014387040     0.42430000   0.0017985600     0.99940000
      1.0000000     -1.9956000    0.035122560     0.12275000   0.0048903900     0.99845000
      1.0000000     -1.9950000    0.039900000    0.062300000   0.0051884400     0.99830000
      1.0000000     -1.9958000    0.033529440     0.57860000   0.0041921600     0.99860000
      1.0000000     -1.9968000    0.025559040   -0.064300000   0.0027960000     0.99900000
      1.0000000     -1.9958000    0.033529440     0.24955000   0.0056891100     0.99835000
      1.0000000     -1.9958000    0.033529440     0.50195000   0.0044915900     0.99855000
      1.0000000     -1.9936000    0.051036160    -0.22170000   0.0061823600     0.99790000
      1.0000000     -1.9954000    0.036715360     0.36130000   0.0025942400     0.99880000
      1.0000000     -1.9946000    0.043083360     0.50915000   0.0080797500     0.99775000
      1.0000000     -1.9968000    0.025559040    0.060050000   0.0036947100     0.99885000
      1.0000000     -1.9986000    0.011192160     0.40540000  0.00099936000     0.99960000
      1.0000000     -1.9980000    0.015984000     0.33930000   0.0021980400     0.99930000
      1.0000000     -1.9968000    0.025559040     0.38395000   0.0030955900     0.99895000
      1.0000000     -1.9970000    0.023964000     0.62870000   0.0029960000     0.99900000
      1.0000000     -1.9948000    0.041491840    -0.17955000   0.0052877500     0.99825000
      1.0000000     -1.9956000    0.035122560    -0.14230000   0.0033932400     0.99870000
      1.0000000     -1.9982000    0.014387040     0.22605000   0.0014987900     0.99945000
      1.0000000     -1.9968000    0.025559040    -0.73315000   0.0030955900     0.99895000
      1.0000000     -1.9972000    0.022368640    -0.28245000   0.0022971100     0.99915000
      1.0000000     -1.9950000    0.039900000    -0.17485000   0.0060863100     0.99815000
      1.0000000     -1.9982000    0.014387040    -0.59675000   0.0014987900     0.99945000
      1.0000000     -1.9944000    0.044674560     0.12295000   0.0060847900     0.99805000
      1.0000000     -1.9980000    0.015984000     0.69405000   0.0018983100     0.99935000
      1.0000000     -1.9942000    0.046265440     0.37595000   0.0046877500     0.99825000
      1.0000000     -1.9950000    0.039900000    -0.46800000   0.0057870400     0.99820000
      1.0000000     -1.9962000    0.030342240    0.037900000   0.0051910000     0.99850000
      1.0000000     -1.9958000    0.033529440     0.23295000   0.0032937500     0.99875000
      1.0000000     -1.9960000    0.031936000    -0.78880000   0.0025951600     0.99890000
      1.0000000     -1.9976000    0.019176960     0.12315000   0.0014983100     0.99935000
      1.0000000     -1.9934000    0.052625760     0.13215000   0.0080759900     0.99755000
      1.0000000     -1.9964000    0.028748160    -0.17505000   0.0032947100     0.99885000
      1.0000000     -1.9928000    0.057392640     0.75140000   0.0059806400     0.99780000
      1.0000000     -1.9974000    0.020772960     0.56325000   0.0024971100     0.99915000
      1.0000000     -1.9968000    0.025559040     0.14140000   0.0039942400     0.99880000
      1.0000000     -1.9952000    0.038307840     0.47355000   0.0044903900     0.99845000
      1.0000000     -1.9948000    0.041491840    -0.18055000   0.0052877500     0.99825000
      1.0000000     -1.9958000    0.033529440    -0.18880000   0.0053897600     0.99840000
      1.0000000     -1.9974000    0.020772960     0.87550000   0.0021974400     0.99920000
      1.0000000     -1.9970000    0.023964000     0.50940000   0.0023967600     0.99910000
      1.0000000     -1.9966000    0.027153760    -0.37985000   0.0034947100     0.99885000
      1.0000000     -1.9942000    0.046265440     0.57305000   0.0052863100     0.99815000
      1.0000000     -1.9964000    0.028748160     0.56415000   0.0044927100     0.99865000
      1.0000000     -1.9966000    0.027153760     0.47915000   0.0028955900     0.99895000
      1.0000000     -1.9956000    0.035122560    0.012550000   0.0048903900     0.99845000
      1.0000000     -1.9998000   0.0015998400     0.99985000  9.9990000E-05     0.99995000
      1.0000000     -1.9974000    0.020772960     0.35745000   0.0018977500     0.99925000
      1.0000000     -1.9958000    0.033529440   -0.036900000   0.0047910000     0.99850000
      1.0000000     -1.9960000    0.031936000  -0.0027500000   0.0028947100     0.99885000
      1.0000000     -1.9978000    0.017580640    -0.26280000   0.0013985600     0.99940000
      1.0000000     -1.9960000    0.031936000     0.41980000   0.0031942400     0.99880000
      1.0000000     -1.9972000    0.022368640     0.71220000   0.0031960000     0.99900000
      1.0000000     -1.9966000    0.027153760     0.61555000   0.0022963900     0.99905000
      1.0000000     -1.9938000    0.049446240    -0.36230000   0.0063823600     0.99790000
      1.0000000     -1.9960000    0.031936000     0.25820000   0.0037932400     0.99870000
      1.0000000     -1.9960000    0.031936000     0.14945000   0.0040927100     0.99865000
      1.0000000     -1.9948000    0.041491840     0.34505000   0.0058863100     0.99815000
      1.0000000     -1.9986000    0.011192160     0.99955000   0.0012991900     0.99955000
      1.0000000     -1.9990000   0.0079960000     0.16395000  0.00049975000     0.99975000
      1.0000000     -1.9954000    0.036715360     0.17570000   0.0049897600     0.99840000
      1.0000000     -1.9968000    0.025559040     0.67680000   0.0027960000     0.99900000
      1.0000000     -1.9974000    0.020772960    0.033050000   0.0030963900     0.99905000
      1.0000000     -1.9950000    0.039900000     0.14675000   0.0054877500     0.99825000
      1.0000000     -1.9968000    0.025559040     0.38950000   0.0033951600     0.99890000
      1.0000000     -1.9976000    0.019176960    -0.32790000   0.0017980400     0.99930000
      1.0000000     -1.9966000    0.027153760   -0.046800000   0.0025960000     0.99900000
      1.0000000     -1.9966000    0.027153760   0.0079500000   0.0022963900     0.99905000
      1.0000000     -1.9944000    0.044674560     0.18030000   0.0039897600     0.99840000
      1.0000000     -1.9928000    0.057392640    -0.29575000   0.0080739900     0.99745000
      1.0000000     -1.9974000    0.020772960    0.015350000   0.0024971100     0.99915000
      1.0000000     -1.9974000    0.020772960    -0.22765000   0.0030963900     0.99905000
      1.0000000     -1.9984000    0.012789760    -0.13380000   0.0013990000     0.99950000
      1.0000000     -1.9972000    0.022368640     0.29150000   0.0031960000     0.99900000
      1.0000000     -1.9968000    0.025559040     0.40560000   0.0033951600     0.99890000
      1.0000000     -1.9972000    0.022368640     0.49115000   0.0028963900     0.99905000
      1.0000000     -1.9954000    0.036715360     0.31035000   0.0040915900     0.99855000
      1.0000000     -1.9974000    0.020772960     0.95015000   0.0030963900     0.99905000
      1.0000000     -1.9960000    0.031936000     0.12065000   0.0034937500     0.99875000
      1.0000000     -1.9956000    0.035122560     0.53735000   0.0042915900     0.99855000
      1.0000000     -1.9934000    0.052625760    0.051300000   0.0071788400     0.99770000
      1.0000000     -1.9964000    0.028748160     0.59760000   0.0035942400     0.99880000
      1.0000000     -1.9968000    0.025559040     0.42910000   0.0033951600     0.99890000
      1.0000000     -1.9930000    0.055804000   -0.083150000   0.0064797500     0.99775000
      1.0000000     -1.9988000   0.0095942400     0.33780000  0.00059964000     0.99970000
      1.0000000     -1.9946000    0.043083360    -0.64815000   0.0068831900     0.99795000
      1.0000000     -1.9948000    0.041491840     0.23900000   0.0055870400     0.99820000
      1.0000000     -1.9954000    0.036715360   -0.045850000   0.0052891100     0.99835000
      1.0000000     -1.9952000    0.038307840    -0.52575000   0.0044903900     0.99845000
      1.0000000     -1.9972000    0.022368640     0.28895000   0.0028963900     0.99905000
      1.0000000     -1.9944000    0.044674560    -0.20555000   0.0066831900     0.99795000
      1.0000000     -1.9934000    0.052625760    -0.33330000   0.0053840000     0.99800000
      1.0000000     -1.9960000    0.031936000     0.47045000   0.0040927100     0.99865000
      1.0000000     -1.9940000    0.047856000     0.58290000   0.0053855600     0.99810000
      1.0000000     -1.9964000    0.028748160   -0.050200000   0.0035942400     0.99880000
      1.0000000     -1.9962000    0.030342240     0.33080000   0.0027951600     0.99890000
      1.0000000     -1.9948000    0.041491840     0.39395000   0.0052877500     0.99825000
      1.0000000     -1.9978000    0.017580640    -0.79910000   0.0013985600     0.99940000
      1.0000000     -1.9966000    0.027153760    -0.53680000   0.0031951600     0.99890000
      1.0000000     -1.9942000    0.046265440    -0.35520000   0.0073806400     0.99780000
      1.0000000     -1.9942000    0.046265440    -0.18650000   0.0073806400     0.99780000
      1.0000000     -1.9960000    0.031936000     0.36740000   0.0043921600     0.99860000
      1.0000000     -1.9954000    0.036715360     0.77285000   0.0040915900     0.99855000
      1.0000000     -1.9980000    0.015984000     0.39310000   0.0015985600     0.99940000
      1.0000000     -1.9958000    0.033529440     0.32115000   0.0038927100     0.99865000
      1.0000000     -1.9944000    0.044674560     0.25455000   0.0060847900     0.99805000
      1.0000000     -1.9946000    0.043083360    -0.32210000   0.0047884400     0.99830000
      1.0000000     -1.9990000   0.0079960000    -0.94185000  0.00049975000     0.99975000
      1.0000000     -1.9970000    0.023964000     0.18200000   0.0035951600     0.99890000
      1.0000000     -1.9932000    0.054215040    0.034850000   0.0084739900     0.99745000
      1.0000000     -1.9964000    0.028748160   -0.074950000   0.0038937500     0.99875000
      1.0000000     -1.9938000    0.049446240     0.22765000   0.0066815100     0.99785000
      1.0000000     -1.9970000    0.023964000    -0.49245000   0.0038947100     0.99885000
      1.0000000     -1.9940000    0.047856000     0.18995000   0.0044877500     0.99825000
      1.0000000     -1.9982000    0.014387040    -0.48835000  0.00089919000     0.99955000
      1.0000000     -1.9972000    0.022368640    -0.57635000   0.0022971100     0.99915000
      1.0000000     -1.9946000    0.043083360    -0.51050000   0.0053870400     0.99820000
      1.0000000     -1.9926000    0.058980960    -0.73110000   0.0087708400     0.99730000
      1.0000000     -1.9940000    0.047856000   -0.083150000   0.0062831900     0.99795000
      1.0000000     -1.9954000    0.036715360     0.15795000   0.0046903900     0.99845000
      1.0000000     -1.9982000    0.014387040     0.22730000   0.0023980400     0.99930000
      1.0000000     -1.9968000    0.025559040     0.34975000   0.0024963900     0.99905000
      1.0000000     -1.9986000    0.011192160    -0.74495000   0.0012991900     0.99955000
      1.0000000     -1.9968000    0.025559040    -0.47100000   0.0027960000     0.99900000
      1.0000000     -1.9982000    0.014387040    -0.54665000   0.0020983100     0.99935000
      1.0000000     -1.9958000    0.033529440     0.28975000   0.0044915900     0.99855000
      1.0000000     -1.9966000    0.027153760    -0.11810000   0.0025960000     0.99900000
      1.0000000     -1.9934000    0.052625760  -0.0091000000   0.0071788400     0.99770000
      1.0000000     -1.9970000    0.023964000     0.59620000   0.0029960000     0.99900000
      1.0000000     -1.9952000    0.038307840     0.35615000   0.0044903900     0.99845000
      1.0000000     -1.9966000    0.027153760     0.72715000   0.0022963900     0.99905000
      1.0000000     -1.9952000    0.038307840     0.17970000   0.0041910000     0.99850000
      1.0000000     -1.9952000    0.038307840     0.25455000   0.0044903900     0.99845000
      1.0000000     -1.9962000    0.030342240     0.18315000   0.0042927100     0.99865000
      1.0000000     -1.9952000    0.038307840     0.58050000   0.0047897600     0.99840000
      1.0000000     -1.9956000    0.035122560     0.79945000   0.0036927100     0.99865000
      1.0000000     -1.9970000    0.023964000   -0.057650000   0.0038947100     0.99885000
      1.0000000     -1.9956000    0.035122560    0.076450000   0.0042915900     0.99855000
      1.0000000     -1.9960000    0.031936000    -0.12095000   0.0034937500     0.99875000
      1.0000000     -1.9968000    0.025559040     0.26955000   0.0024963900     0.99905000
      1.0000000     -1.9964000    0.028748160     0.80755000   0.0038937500     0.99875000
      1.0000000     -1.9938000    0.049446240    -0.34565000   0.0066815100     0.99785000
      1.0000000     -1.9970000    0.023964000    -0.13455000   0.0038947100     0.99885000
      1.0000000     -1.9964000    0.028748160    0.084400000   0.0041932400     0.99870000
      1.0000000     -1.9962000    0.030342240     0.11475000   0.0030947100     0.99885000
      1.0000000     -1.9958000    0.033529440     0.41760000   0.0029942400     0.99880000
      1.0000000     -1.9940000    0.047856000     0.24145000   0.0050863100     0.99815000
      1.0000000     -1.9960000    0.031936000    -0.63060000   0.0043921600     0.99860000
      1.0000000     -1.9980000    0.015984000     0.37795000   0.0018983100     0.99935000
      1.0000000     -1.9960000    0.031936000    -0.15975000   0.0040927100     0.99865000
      1.0000000     -1.9974000    0.020772960     0.43055000   0.0030963900     0.99905000
      1.0000000     -1.9932000    0.054215040    -0.46125000   0.0078759900     0.99755000
      1.0000000     -1.9962000    0.030342240     0.52855000   0.0036937500     0.99875000
      1.0000000     -1.9948000    0.041491840   -0.031900000   0.0049884400     0.99830000
      1.0000000     -1.9948000    0.041491840    -0.25815000   0.0058863100     0.99815000
      1.0000000     -1.9960000    0.031936000 -0.00080000000   0.0043921600     0.99860000
      1.0000000     -1.9942000    0.046265440     0.61535000   0.0052863100     0.99815000
      1.0000000     -1.9934000    0.052625760   -0.035000000   0.0059823600     0.99790000
      1.0000000     -1.9988000   0.0095942400    -0.26395000  0.00089951000     0.99965000
      1.0000000     -1.9960000    0.031936000    -0.17095000   0.0022955900     0.99895000
      1.0000000     -1.9956000    0.035122560     0.11385000   0.0036927100     0.99865000
      1.0000000     -1.9970000    0.023964000    -0.27365000   0.0026963900     0.99905000
      1.0000000     -1.9962000    0.030342240    -0.35235000   0.0030947100     0.99885000
      1.0000000     -1.9992000   0.0063974400    -0.27180000  0.00039984000     0.99980000
      1.0000000     -1.9964000    0.028748160    -0.22115000   0.0056903900     0.99845000
      1.0000000     -1.9930000    0.055804000     0.16220000   0.0067788400     0.99770000
      1.0000000     -1.9970000    0.023964000     0.12045000   0.0026963900     0.99905000
      1.0000000     -1.9976000    0.019176960     0.37490000   0.0017980400     0.99930000
      1.0000000     -1.9974000    0.020772960     0.39405000   0.0024971100     0.99915000
      1.0000000     -1.9954000    0.036715360     0.16810000   0.0043910000     0.99850000
      1.0000000     -1.9972000    0.022368640   -0.050800000   0.0019974400     0.99920000
      1.0000000     -1.9966000    0.027153760    -0.65500000   0.0025960000     0.99900000
      1.0000000     -1.9966000    0.027153760   -0.083700000   0.0031951600     0.99890000
      1.0000000     -1.9978000    0.017580640     0.21310000   0.0019980400     0.99930000
      1.0000000     -1.9988000   0.0095942400     0.81155000   0.0014991900     0.99955000
      1.0000000     -1.9988000   0.0095942400    0.087350000   0.0014991900     0.99955000
      1.0000000     -1.9950000    0.039900000    0.011200000   0.0051884400     0.99830000
      1.0000000     -1.9974000    0.020772960    -0.44695000   0.0024971100     0.99915000
      1.0000000     -1.9992000   0.0063974400     0.66535000  0.00069975000     0.99975000
      1.0000000     -1.9952000    0.038307840    -0.10535000   0.0056877500     0.99825000
      1.0000000     -1.9960000    0.031936000  -0.0084000000   0.0037932400     0.99870000
      1.0000000     -1.9956000    0.035122560     0.47300000   0.0045910000     0.99850000
      1.0000000     -1.9958000    0.033529440    0.017800000   0.0053897600     0.99840000
      1.0000000     -1.9974000    0.020772960     0.31070000   0.0027967600     0.99910000
      1.0000000     -1.9960000    0.031936000    -0.15585000   0.0046915900     0.99855000
      1.0000000     -1.9968000    0.025559040    -0.84305000   0.0036947100     0.99885000
      1.0000000     -1.9950000    0.039900000    -0.47320000   0.0057870400     0.99820000
      1.0000000     -1.9964000    0.028748160    -0.18700000   0.0035942400     0.99880000
      1.0000000     -1.9940000    0.047856000    -0.10525000   0.0038891100     0.99835000
      1.0000000     -1.9964000    0.028748160     0.42825000   0.0038937500     0.99875000
      1.0000000     -1.9966000    0.027153760     0.99875000   0.0028955900     0.99895000
      1.0000000     -1.9962000    0.030342240    0.056750000   0.0042927100     0.99865000
      1.0000000     -1.9972000    0.022368640    -0.39530000   0.0031960000     0.99900000
      1.0000000     -1.9954000    0.036715360    -0.50765000   0.0052891100     0.99835000
      1.0000000     -1.9944000    0.044674560     0.29975000   0.0066831900     0.99795000
      1.0000000     -1.9960000    0.031936000     0.24615000   0.0040927100     0.99865000
      1.0000000     -1.9954000    0.036715360   -0.038800000   0.0037921600     0.99860000
      1.0000000     -1.9950000    0.039900000    -0.48535000   0.0060863100     0.99815000
      1.0000000     -1.9938000    0.049446240     0.32325000   0.0078779100     0.99765000
      1.0000000     -1.9948000    0.041491840   -0.079100000   0.0043897600     0.99840000
      1.0000000     -1.9956000    0.035122560     0.50785000   0.0042915900     0.99855000
      1.0000000     -1.9952000    0.038307840     0.15190000   0.0047897600     0.99840000
      1.0000000     -1.9966000    0.027153760     0.17220000   0.0049921600     0.99860000
      1.0000000     -1.9954000    0.036715360     0.14495000   0.0052891100     0.99835000
      1.0000000     -1.9976000    0.019176960    -0.73135000   0.0020977500     0.99925000
      1.0000000     -1.9980000    0.015984000    -0.33300000   0.0015985600     0.99940000
      1.0000000     -1.9966000    0.027153760     0.49925000   0.0034947100     0.99885000
      1.0000000     -1.9958000    0.033529440    -0.57855000   0.0038927100     0.99865000
      1.0000000     -1.9978000    0.017580640     0.95895000   0.0028971100     0.99915000
      1.0000000     -1.9966000    0.027153760    -0.17450000   0.0031951600     0.99890000
      1.0000000     -1.9942000    0.046265440   -0.086150000   0.0052863100     0.99815000
      1.0000000     -1.9952000    0.038307840   -0.077400000   0.0065855600     0.99810000
      1.0000000     -1.9962000    0.030342240   -0.087850000   0.0036937500     0.99875000
      1.0000000     -1.9956000    0.035122560   -0.029800000   0.0051897600     0.99840000
      1.0000000     -1.9946000    0.043083360     0.15275000   0.0056863100     0.99815000
      1.0000000     -1.9974000    0.020772960     0.99895000   0.0018977500     0.99925000
      1.0000000     -1.9958000    0.033529440     0.70555000   0.0038927100     0.99865000
      1.0000000     -1.9962000    0.030342240    0.093950000   0.0036937500     0.99875000
      1.0000000     -1.9932000    0.054215040     0.52575000   0.0066797500     0.99775000
      1.0000000     -1.9934000    0.052625760    -0.11390000   0.0065806400     0.99780000
      1.0000000     -1.9938000    0.049446240     0.62050000   0.0051855600     0.99810000
      1.0000000     -1.9984000    0.012789760    -0.11570000  0.00079936000     0.99960000
      1.0000000     -1.9950000    0.039900000    -0.38020000   0.0057870400     0.99820000
      1.0000000     -1.9960000    0.031936000    -0.25940000   0.0055897600     0.99840000
      1.0000000     -1.9976000    0.019176960    -0.20165000   0.0026971100     0.99915000
      1.0000000     -1.9968000    0.025559040     0.24990000   0.0021967600     0.99910000
      1.0000000     -1.9926000    0.058980960     0.49355000   0.0066779100     0.99765000
      1.0000000     -1.9948000    0.041491840     0.10355000   0.0046891100     0.99835000
      1.0000000     -1.9952000    0.038307840     0.13135000   0.0038915900     0.99855000
      1.0000000     -1.9966000    0.027153760   -0.084150000   0.0040937500     0.99875000
      1.0000000     -1.9964000    0.028748160    -0.66975000   0.0032947100     0.99885000
      1.0000000     -1.9968000    0.025559040     0.60655000   0.0024963900     0.99905000
      1.0000000     -1.9968000    0.025559040    -0.30780000   0.0021967600     0.99910000
      1.0000000     -1.9952000    0.038307840     0.20775000   0.0038915900     0.99855000
      1.0000000     -1.9976000    0.019176960     0.99925000   0.0014983100     0.99935000
      1.0000000     -1.9954000    0.036715360     0.13485000   0.0046903900     0.99845000
      1.0000000     -1.9980000    0.015984000   -0.038450000   0.0018983100     0.99935000
      1.0000000     -1.9978000    0.017580640    0.056050000   0.0028971100     0.99915000
      1.0000000     -1.9978000    0.017580640     0.44980000   0.0019980400     0.99930000
      1.0000000     -1.9982000    0.014387040    -0.28370000   0.0017985600     0.99940000
      1.0000000     -1.9924000    0.060568960  -0.0091500000   0.0076739900     0.99745000
      1.0000000     -1.9956000    0.035122560    -0.26240000   0.0045910000     0.99850000
      1.0000000     -1.9934000    0.052625760     0.10415000   0.0086739900     0.99745000
      1.0000000     -1.9960000    0.031936000     0.59370000   0.0037932400     0.99870000
      1.0000000     -1.9976000    0.019176960     0.81855000   0.0020977500     0.99925000
      1.0000000     -1.9958000    0.033529440     0.72160000   0.0029942400     0.99880000
      1.0000000     -1.9956000    0.035122560    -0.82530000   0.0039921600     0.99860000
      1.0000000     -1.9950000    0.039900000    -0.28450000   0.0057870400     0.99820000
      1.0000000     -1.9996000   0.0031993600     0.99980000  0.00079984000     0.99980000
      1.0000000     -1.9988000   0.0095942400     0.60935000   0.0014991900     0.99955000
      1.0000000     -1.9982000    0.014387040     0.95250000   0.0023980400     0.99930000
      1.0000000     -1.9946000    0.043083360     0.55195000   0.0068831900     0.99795000
      1.0000000     -1.9972000    0.022368640    0.066550000   0.0022971100     0.99915000
      1.0000000     -1.9958000    0.033529440     0.43725000   0.0032937500     0.99875000
      1.0000000     -1.9962000    0.030342240     0.84475000   0.0036937500     0.99875000
      1.0000000     -1.9944000    0.044674560    0.076250000   0.0066831900     0.99795000
      1.0000000     -1.9968000    0.025559040    -0.51750000   0.0039942400     0.99880000
      1.0000000     -1.9976000    0.019176960   -0.074950000   0.0026971100     0.99915000
      1.0000000     -1.9956000    0.035122560     0.67290000   0.0045910000     0.99850000
      1.0000000     -1.9954000    0.036715360    -0.20505000   0.0058877500     0.99825000
      1.0000000     -1.9962000    0.030342240     0.75585000   0.0036937500     0.99875000
      1.0000000     -1.9948000    0.041491840    -0.45280000   0.0049884400     0.99830000
      1.0000000     -1.9958000    0.033529440     0.65290000   0.0047910000     0.99850000
      1.0000000     -1.9958000    0.033529440     0.24220000   0.0041921600     0.99860000
      1.0000000     -1.9930000    0.055804000     0.71015000    0.010067510     0.99715000
      1.0000000     -1.9962000    0.030342240     0.70365000   0.0036937500     0.99875000
      1.0000000     -1.9958000    0.033529440     0.21895000   0.0038927100     0.99865000
      1.0000000     -1.9976000    0.019176960     0.62675000   0.0032963900     0.99905000
      1.0000000     -1.9940000    0.047856000     0.19160000   0.0059840000     0.99800000
      1.0000000     -1.9974000    0.020772960  -0.0074500000   0.0024971100     0.99915000
      1.0000000     -1.9954000    0.036715360     0.58785000   0.0046903900     0.99845000
      1.0000000     -1.9976000    0.019176960     0.60405000   0.0020977500     0.99925000
      1.0000000     -1.9944000    0.044674560    0.083350000   0.0066831900     0.99795000
      1.0000000     -1.9980000    0.015984000    -0.33355000   0.0018983100     0.99935000
      1.0000000     -1.9968000    0.025559040    -0.49435000   0.0024963900     0.99905000
      1.0000000     -1.9970000    0.023964000    0.023300000   0.0035951600     0.99890000
      1.0000000     -1.9952000    0.038307840     0.27560000   0.0053884400     0.99830000
      1.0000000     -1.9966000    0.027153760    -0.15560000   0.0025960000     0.99900000
      1.0000000     -1.9974000    0.020772960     0.43755000   0.0018977500     0.99925000
      1.0000000     -1.9968000    0.025559040     0.30220000   0.0027960000     0.99900000
      1.0000000     -1.9958000    0.033529440    -0.48585000   0.0038927100     0.99865000
      1.0000000     -1.9940000    0.047856000    0.055850000   0.0068815100     0.99785000
      1.0000000     -1.9974000    0.020772960    -0.70985000   0.0018977500     0.99925000
      1.0000000     -1.9968000    0.025559040     0.58795000   0.0036947100     0.99885000
      1.0000000     -1.9964000    0.028748160    -0.13355000   0.0038937500     0.99875000
      1.0000000     -1.9940000    0.047856000   -0.019650000   0.0062831900     0.99795000
      1.0000000     -1.9962000    0.030342240     0.31830000   0.0027951600     0.99890000
      1.0000000     -1.9930000    0.055804000    -0.15250000   0.0061806400     0.99780000
      1.0000000     -1.9982000    0.014387040    -0.15365000   0.0026977500     0.99925000
      1.0000000     -1.9968000    0.025559040     0.62925000   0.0036947100     0.99885000
      1.0000000     -1.9946000    0.043083360    -0.16025000   0.0050877500     0.99825000
      1.0000000     -1.9948000    0.041491840    -0.12230000   0.0049884400     0.99830000
      1.0000000     -1.9950000    0.039900000    -0.39900000   0.0051884400     0.99830000
      1.0000000     -1.9984000    0.012789760    -0.78315000   0.0010991900     0.99955000
      1.0000000     -1.9966000    0.027153760    -0.31685000   0.0028955900     0.99895000
      1.0000000     -1.9970000    0.023964000    -0.14015000   0.0050927100     0.99865000
      1.0000000     -1.9970000    0.023964000    0.098450000   0.0020971100     0.99915000
      1.0000000     -1.9956000    0.031936000    -0.30325000   0.0056891100     0.99835000
      1.0000000     -1.9972000    0.022368640   -0.041450000   0.0034955900     0.99895000
      1.0000000     -1.9954000    0.036715360     0.47975000   0.0040915900     0.99855000
      1.0000000     -1.9970000    0.023964000     0.68640000   0.0023967600     0.99910000
      1.0000000     -1.9946000    0.043083360     0.56720000   0.0047884400     0.99830000
      1.0000000     -1.9974000    0.020772960     0.14825000   0.0036955900     0.99895000
      1.0000000     -1.9976000    0.019176960     0.58340000   0.0017980400     0.99930000
      1.0000000     -1.9972000    0.022368640    -0.18600000   0.0031960000     0.99900000
      1.0000000     -1.9936000    0.051036160    -0.31470000   0.0049855600     0.99810000
      1.0000000     -1.9966000    0.027153760    -0.80315000   0.0040937500     0.99875000
      1.0000000     -1.9968000    0.025559040     0.46165000   0.0024963900     0.99905000
      1.0000000     -1.9952000    0.038307840     0.19090000   0.0041910000     0.99850000
      1.0000000     -1.9978000    0.017580640    -0.12565000   0.0016983100     0.99935000
      1.0000000     -1.9972000    0.022368640     0.65595000   0.0022971100     0.99915000
      1.0000000     -1.9962000    0.030342240    -0.59100000   0.0039932400     0.99870000
      1.0000000     -1.9954000    0.036715360     0.26800000   0.0031932400     0.99870000
      1.0000000     -1.9944000    0.044674560    -0.28065000   0.0042891100     0.99835000
      1.0000000     -1.9976000    0.019176960  -0.0077500000   0.0026971100     0.99915000
      1.0000000     -1.9940000    0.047856000   -0.019000000   0.0059840000     0.99800000
      1.0000000     -1.9970000    0.023964000    -0.26255000   0.0026963900     0.99905000
      1.0000000     -1.9948000    0.041491840     0.11940000   0.0055870400     0.99820000
      1.0000000     -1.9972000    0.022368640    0.051250000   0.0022971100     0.99915000
      1.0000000     -1.9984000    0.012789760    -0.65070000  0.00079936000     0.99960000
      1.0000000     -1.9938000    0.049446240    0.054500000   0.0063823600     0.99790000
      1.0000000     -1.9952000    0.038307840    0.032150000   0.0044903900     0.99845000
      1.0000000     -1.9952000    0.038307840    0.020150000   0.0050891100     0.99835000
      1.0000000     -1.9970000    0.023964000     0.35805000   0.0026963900     0.99905000
      1.0000000     -1.9972000    0.022368640     0.68290000   0.0019974400     0.99920000
      1.0000000     -1.9964000    0.028748160    -0.17060000   0.0035942400     0.99880000
      1.0000000     -1.9970000    0.023964000     0.43135000   0.0020971100     0.99915000
      1.0000000     -1.9966000    0.027153760     0.71865000   0.0034947100     0.99885000
      1.0000000     -1.9968000    0.025559040     0.29110000   0.0033951600     0.99890000
      1.0000000     -1.9978000    0.017580640    -0.70420000   0.0025974400     0.99920000
      1.0000000     -1.9946000    0.043083360     0.21885000   0.0068831900     0.99795000
      1.0000000     -1.9980000    0.015984000    -0.35880000   0.0021980400     0.99930000
      1.0000000     -1.9960000    0.031936000    0.089150000   0.0034937500     0.99875000
      1.0000000     -1.9974000    0.020772960    -0.38810000   0.0021974400     0.99920000
      1.0000000     -1.9984000    0.012789760    -0.37895000   0.0016987900     0.99945000
      1.0000000     -1.9964000    0.028748160     0.59660000   0.0035942400     0.99880000
      1.0000000     -1.9966000    0.027153760     0.63210000   0.0037942400     0.99880000
      1.0000000     -1.9976000    0.019176960     0.50800000   0.0029967600     0.99910000
      1.0000000     -1.9976000    0.019176960    -0.62985000   0.0026971100     0.99915000
      1.0000000     -1.9932000    0.054215040     0.18390000   0.0057823600     0.99790000
      1.0000000     -1.9934000    0.052625760    -0.37395000   0.0062815100     0.99785000
      1.0000000     -1.9964000    0.028748160    -0.79875000   0.0026955900     0.99895000
      1.0000000     -1.9950000    0.039900000   -0.084900000   0.0063855600     0.99810000
      1.0000000     -1.9976000    0.019176960     0.30140000   0.0017980400     0.99930000
      1.0000000     -1.9952000    0.038307840    0.025050000   0.0056877500     0.99825000
      1.0000000     -1.9912000    0.070090240     0.87160000   0.0097615600     0.99690000
      1.0000000     -1.9942000    0.046265440    -0.42815000   0.0058847900     0.99805000
      1.0000000     -1.9940000    0.047856000     0.53845000   0.0062831900     0.99795000
      1.0000000     -1.9926000    0.058980960    -0.39175000   0.0084719100     0.99735000
      1.0000000     -1.9958000    0.033529440    -0.25045000   0.0044915900     0.99855000
      1.0000000     -1.9960000    0.031936000    0.088000000   0.0037932400     0.99870000
      1.0000000     -1.9936000    0.051036160     0.86580000   0.0061823600     0.99790000
      1.0000000     -1.9924000    0.060568960    0.044950000   0.0082719100     0.99735000
      1.0000000     -1.9950000    0.039900000     0.79925000   0.0042903900     0.99845000
      1.0000000     -1.9948000    0.041491840     0.11840000   0.0049884400     0.99830000
      1.0000000     -1.9920000    0.063744000     0.48700000   0.0069750000     0.99750000
      1.0000000     -1.9948000    0.041491840    -0.40175000   0.0052877500     0.99825000
      1.0000000     -1.9952000    0.038307840     0.28310000   0.0041910000     0.99850000
      1.0000000     -1.9978000    0.017580640     0.95565000   0.0010987900     0.99945000
      1.0000000     -1.9938000    0.049446240    0.082700000   0.0069806400     0.99780000
      1.0000000     -1.9948000    0.041491840     0.25885000   0.0046891100     0.99835000
      1.0000000     -1.9944000    0.044674560     0.45645000   0.0042891100     0.99835000
      1.0000000     -1.9944000    0.044674560   -0.081500000   0.0045884400     0.99830000
      1.0000000     -1.9962000    0.030342240    -0.38445000   0.0036937500     0.99875000
      1.0000000     -1.9954000    0.036715360   -0.077800000   0.0037921600     0.99860000
      1.0000000     -1.9918000    0.065331040    -0.40825000   0.0076719100     0.99735000
      1.0000000     -1.9962000    0.027153760     0.38185000   0.0038937500     0.99875000
      1.0000000     -1.9970000    0.023964000     0.52640000   0.0035951600     0.99890000
      1.0000000     -1.9976000    0.019176960     0.27545000   0.0020977500     0.99925000
      1.0000000     -1.9958000    0.033529440     0.79775000   0.0032937500     0.99875000
