   Temperature:        Energy:            Cv: Magnetization:       Chi (X):|Magnetization|:
      1.0000000     -2.0000000      0.0000000      1.0000000      0.0000000      1.0000000
      1.0000000     -2.0000000      0.0000000      1.0000000      0.0000000      1.0000000
      1.0000000     -2.0000000      0.0000000      1.0000000      0.0000000      1.0000000
      1.0000000     -1.9960000    0.031936000     0.99900000   0.0019960000     0.99900000
      1.0000000     -2.0000000      0.0000000      1.0000000      0.0000000      1.0000000
      1.0000000     -1.9960000    0.031936000     0.99900000   0.0019960000     0.99900000
      1.0000000     -2.0000000      0.0000000      1.0000000      0.0000000      1.0000000
      1.0000000     -2.0000000      0.0000000      1.0000000      0.0000000      1.0000000
      1.0000000     -1.9980000    0.015984000     0.99950000  0.00099900000     0.99950000
      1.0000000     -1.9980000    0.015984000     0.99900000   0.0039960000     0.99900000
      1.0000000     -1.9920000    0.063744000    0.018500000   0.0069750000     0.99750000
      1.0000000     -2.0000000      0.0000000      1.0000000      0.0000000      1.0000000
      1.0000000     -1.9880000    0.095424000     0.29650000   0.0089510000     0.99650000
      1.0000000     -1.9940000    0.047856000     0.81550000   0.0029910000     0.99850000
      1.0000000     -2.0000000      0.0000000      1.0000000      0.0000000      1.0000000
      1.0000000     -2.0000000      0.0000000      1.0000000      0.0000000      1.0000000
      1.0000000     -1.9980000    0.015984000     0.99950000  0.00099900000     0.99950000
      1.0000000     -1.9860000     0.11121600     0.60050000   0.0069510000     0.99650000
      1.0000000     -2.0000000      0.0000000      1.0000000      0.0000000      1.0000000
      1.0000000     -1.9980000    0.015984000     0.99950000  0.00099900000     0.99950000
      1.0000000     -1.9980000    0.015984000     0.99950000  0.00099900000     0.99950000
      1.0000000     -1.9980000    0.015984000     0.99850000  0.00099900000     0.99950000
      1.0000000     -1.9940000    0.047856000    -0.22100000   0.0059840000     0.99800000
      1.0000000     -1.9980000    0.015984000     0.99950000  0.00099900000     0.99950000
      1.0000000     -1.9980000    0.015984000     0.99950000  0.00099900000     0.99950000
      1.0000000     -1.9960000    0.031936000     0.99800000   0.0079840000     0.99800000
      1.0000000     -1.9900000    0.079600000     0.99550000    0.016919000     0.99550000
      1.0000000     -1.9860000     0.11121600    -0.10400000   0.0099360000     0.99600000
      1.0000000     -1.9920000    0.063744000     0.99650000   0.0069750000     0.99750000
      1.0000000     -2.0000000      0.0000000      1.0000000      0.0000000      1.0000000
      1.0000000     -1.9960000    0.031936000     0.46600000   0.0079840000     0.99800000
      1.0000000     -2.0000000      0.0000000      1.0000000      0.0000000      1.0000000
      1.0000000     -2.0000000      0.0000000      1.0000000      0.0000000      1.0000000
      1.0000000     -1.9980000    0.015984000   -0.068500000  0.00099900000     0.99950000
      1.0000000     -2.0000000      0.0000000      1.0000000      0.0000000      1.0000000
      1.0000000     -1.9920000    0.063744000    -0.53650000   0.0069750000     0.99750000
      1.0000000     -2.0000000      0.0000000      1.0000000      0.0000000      1.0000000
      1.0000000     -1.9940000    0.047856000    -0.65050000   0.0029910000     0.99850000
      1.0000000     -1.9940000    0.047856000     0.58200000   0.0059840000     0.99800000
      1.0000000     -1.9960000    0.031936000     0.99850000   0.0049910000     0.99850000
      1.0000000     -1.9960000    0.031936000     0.62300000   0.0019960000     0.99900000
      1.0000000     -1.9900000    0.079600000     0.60400000   0.0079640000     0.99700000
      1.0000000     -2.0000000      0.0000000      1.0000000      0.0000000      1.0000000
      1.0000000     -1.9980000    0.015984000     0.99950000  0.00099900000     0.99950000
      1.0000000     -1.9900000    0.079600000     0.99650000   0.0049750000     0.99750000
      1.0000000     -2.0000000      0.0000000      1.0000000      0.0000000      1.0000000
      1.0000000     -1.9960000    0.031936000     0.99900000   0.0019960000     0.99900000
      1.0000000     -2.0000000      0.0000000      1.0000000      0.0000000      1.0000000
      1.0000000     -1.9980000    0.015984000   -0.037000000   0.0039960000     0.99900000
      1.0000000     -2.0000000      0.0000000      1.0000000      0.0000000      1.0000000
      1.0000000     -1.9940000    0.047856000    -0.96900000   0.0059840000     0.99800000
      1.0000000     -2.0000000      0.0000000      1.0000000      0.0000000      1.0000000
      1.0000000     -2.0000000      0.0000000    0.076000000      0.0000000      1.0000000
      1.0000000     -2.0000000      0.0000000      1.0000000      0.0000000      1.0000000
      1.0000000     -1.9980000    0.015984000     0.99950000  0.00099900000     0.99950000
      1.0000000     -1.9960000    0.031936000     0.51400000   0.0019960000     0.99900000
      1.0000000     -1.9900000    0.079600000     0.99700000   0.0079640000     0.99700000
      1.0000000     -1.9940000    0.047856000     0.99750000   0.0089750000     0.99750000
      1.0000000     -2.0000000      0.0000000      1.0000000      0.0000000      1.0000000
      1.0000000     -2.0000000      0.0000000      1.0000000      0.0000000      1.0000000
      1.0000000     -1.9980000    0.015984000     0.99950000  0.00099900000     0.99950000
      1.0000000     -2.0000000      0.0000000      1.0000000      0.0000000      1.0000000
      1.0000000     -2.0000000      0.0000000      1.0000000      0.0000000      1.0000000
      1.0000000     -2.0000000      0.0000000      1.0000000      0.0000000      1.0000000
      1.0000000     -1.9960000    0.031936000     0.23250000   0.0049910000     0.99850000
      1.0000000     -1.9920000    0.063744000    -0.98300000   0.0099640000     0.99700000
      1.0000000     -1.9960000    0.031936000     0.99850000   0.0049910000     0.99850000
      1.0000000     -1.9960000    0.031936000    0.026500000   0.0049910000     0.99850000
      1.0000000     -2.0000000      0.0000000      1.0000000      0.0000000      1.0000000
      1.0000000     -2.0000000      0.0000000      1.0000000      0.0000000      1.0000000
      1.0000000     -2.0000000      0.0000000      1.0000000      0.0000000      1.0000000
      1.0000000     -2.0000000      0.0000000      1.0000000      0.0000000      1.0000000
      1.0000000     -1.9980000    0.015984000     0.99900000   0.0039960000     0.99900000
      1.0000000     -1.9960000    0.031936000    0.011500000   0.0049910000     0.99850000
      1.0000000     -1.9940000    0.047856000    -0.61150000   0.0029910000     0.99850000
      1.0000000     -1.9920000    0.063744000    -0.37050000   0.0069750000     0.99750000
      1.0000000     -2.0000000      0.0000000      1.0000000      0.0000000      1.0000000
      1.0000000     -1.9840000     0.12697600    -0.38350000    0.010919000     0.99550000
      1.0000000     -2.0000000      0.0000000      1.0000000      0.0000000      1.0000000
      1.0000000     -1.9980000    0.015984000     0.99950000  0.00099900000     0.99950000
      1.0000000     -1.9980000    0.015984000     0.99950000  0.00099900000     0.99950000
      1.0000000     -1.9940000    0.047856000     0.83550000   0.0089750000     0.99750000
      1.0000000     -1.9840000     0.12697600     0.64450000    0.016879000     0.99450000
      1.0000000     -1.9940000    0.047856000     0.99750000   0.0089750000     0.99750000
      1.0000000     -1.9980000    0.015984000     0.99950000  0.00099900000     0.99950000
      1.0000000     -1.9960000    0.031936000    -0.91000000   0.0019960000     0.99900000
      1.0000000     -1.9920000    0.063744000     0.99700000   0.0039840000     0.99800000
      1.0000000     -2.0000000      0.0000000      1.0000000      0.0000000      1.0000000
      1.0000000     -2.0000000      0.0000000      1.0000000      0.0000000      1.0000000
      1.0000000     -2.0000000      0.0000000      1.0000000      0.0000000      1.0000000
      1.0000000     -1.9960000    0.031936000     0.42600000   0.0079840000     0.99800000
      1.0000000     -1.9940000    0.047856000  -0.0025000000   0.0029910000     0.99850000
      1.0000000     -1.9960000    0.031936000     0.99900000   0.0019960000     0.99900000
      1.0000000     -2.0000000      0.0000000      1.0000000      0.0000000      1.0000000
      1.0000000     -2.0000000      0.0000000      1.0000000      0.0000000      1.0000000
      1.0000000     -2.0000000      0.0000000      1.0000000      0.0000000      1.0000000
      1.0000000     -2.0000000      0.0000000      1.0000000      0.0000000      1.0000000
      1.0000000     -2.0000000      0.0000000      1.0000000      0.0000000      1.0000000
      1.0000000     -1.9980000    0.015984000     0.99900000   0.0039960000     0.99900000
      1.0000000     -1.9980000    0.015984000    -0.18900000   0.0039960000     0.99900000
      1.0000000     -1.9920000    0.063744000     0.99700000   0.0099640000     0.99700000
      1.0000000     -1.9960000    0.031936000    -0.98000000   0.0079840000     0.99800000
      1.0000000     -2.0000000      0.0000000      1.0000000      0.0000000      1.0000000
      1.0000000     -1.9980000    0.015984000     0.99950000  0.00099900000     0.99950000
      1.0000000     -1.9980000    0.015984000     0.99900000   0.0039960000     0.99900000
      1.0000000     -1.9960000    0.031936000     0.99900000   0.0019960000     0.99900000
      1.0000000     -1.9960000    0.031936000     0.78850000   0.0049910000     0.99850000
      1.0000000     -1.9980000    0.015984000     0.99950000  0.00099900000     0.99950000
      1.0000000     -1.9820000     0.14270400    0.053000000    0.017856000     0.99400000
      1.0000000     -2.0000000      0.0000000      1.0000000      0.0000000      1.0000000
      1.0000000     -1.9980000    0.015984000     0.99950000  0.00099900000     0.99950000
      1.0000000     -2.0000000      0.0000000      1.0000000      0.0000000      1.0000000
      1.0000000     -1.9940000    0.047856000   -0.081500000   0.0029910000     0.99850000
      1.0000000     -2.0000000      0.0000000      1.0000000      0.0000000      1.0000000
      1.0000000     -1.9960000    0.031936000     0.99900000   0.0019960000     0.99900000
      1.0000000     -2.0000000      0.0000000      1.0000000      0.0000000      1.0000000
      1.0000000     -2.0000000      0.0000000      1.0000000      0.0000000      1.0000000
      1.0000000     -2.0000000      0.0000000      1.0000000      0.0000000      1.0000000
      1.0000000     -1.9960000    0.031936000     0.99850000   0.0049910000     0.99850000
      1.0000000     -1.9780000     0.17406400    -0.11200000    0.019804000     0.99300000
      1.0000000     -1.9920000    0.063744000     0.99600000   0.0099640000     0.99700000
      1.0000000     -1.9840000     0.12697600   0.0040000000    0.013900000     0.99500000
      1.0000000     -2.0000000      0.0000000      1.0000000      0.0000000      1.0000000
      1.0000000     -2.0000000      0.0000000      1.0000000      0.0000000      1.0000000
      1.0000000     -2.0000000      0.0000000      1.0000000      0.0000000      1.0000000
      1.0000000     -1.9980000    0.015984000     0.99900000   0.0039960000     0.99900000
      1.0000000     -2.0000000      0.0000000      1.0000000      0.0000000      1.0000000
      1.0000000     -1.9940000    0.047856000     0.99700000   0.0059840000     0.99800000
      1.0000000     -2.0000000      0.0000000      1.0000000      0.0000000      1.0000000
      1.0000000     -1.9960000    0.031936000     0.79850000   0.0049910000     0.99850000
      1.0000000     -1.9980000    0.015984000     0.34700000   0.0039960000     0.99900000
      1.0000000     -1.9960000    0.031936000     0.99850000   0.0049910000     0.99850000
      1.0000000     -1.9980000    0.015984000    -0.84150000  0.00099900000     0.99950000
      1.0000000     -2.0000000      0.0000000      1.0000000      0.0000000      1.0000000
      1.0000000     -1.9920000    0.063744000     0.99700000   0.0039840000     0.99800000
      1.0000000     -1.9920000    0.063744000     0.89700000   0.0099640000     0.99700000
      1.0000000     -2.0000000      0.0000000      1.0000000      0.0000000      1.0000000
      1.0000000     -1.9860000     0.11121600     0.99100000   0.0099360000     0.99600000
      1.0000000     -1.9980000    0.015984000     0.46700000   0.0039960000     0.99900000
      1.0000000     -1.9940000    0.047856000     0.99750000   0.0089750000     0.99750000
      1.0000000     -2.0000000      0.0000000      1.0000000      0.0000000      1.0000000
      1.0000000     -1.9940000    0.047856000     0.99800000   0.0059840000     0.99800000
      1.0000000     -1.9980000    0.015984000    -0.96100000   0.0039960000     0.99900000
      1.0000000     -2.0000000      0.0000000      1.0000000      0.0000000      1.0000000
      1.0000000     -1.9960000    0.031936000     0.99900000   0.0019960000     0.99900000
      1.0000000     -2.0000000      0.0000000      1.0000000      0.0000000      1.0000000
      1.0000000     -1.9980000    0.015984000     0.99950000  0.00099900000     0.99950000
      1.0000000     -1.9920000    0.063744000    -0.51600000   0.0099640000     0.99700000
      1.0000000     -2.0000000      0.0000000      1.0000000      0.0000000      1.0000000
      1.0000000     -1.9940000    0.047856000     0.27750000   0.0029910000     0.99850000
      1.0000000     -1.9920000    0.063744000     0.16150000   0.0069750000     0.99750000
      1.0000000     -2.0000000      0.0000000      1.0000000      0.0000000      1.0000000
      1.0000000     -2.0000000      0.0000000      1.0000000      0.0000000      1.0000000
      1.0000000     -1.9900000    0.079600000     0.56200000    0.013936000     0.99600000
      1.0000000     -1.9960000    0.031936000    -0.99550000   0.0049910000     0.99850000
      1.0000000     -2.0000000      0.0000000      1.0000000      0.0000000      1.0000000
      1.0000000     -2.0000000      0.0000000      1.0000000      0.0000000      1.0000000
      1.0000000     -1.9940000    0.047856000     0.99650000   0.0029910000     0.99850000
      1.0000000     -1.9720000     0.22086400     0.31850000    0.022711000     0.99150000
      1.0000000     -1.9980000    0.015984000     0.99950000  0.00099900000     0.99950000
      1.0000000     -2.0000000      0.0000000      1.0000000      0.0000000      1.0000000
      1.0000000     -1.9920000    0.063744000    0.063000000   0.0039840000     0.99800000
      1.0000000     -2.0000000      0.0000000      1.0000000      0.0000000      1.0000000
      1.0000000     -1.9980000    0.015984000    -0.94100000   0.0039960000     0.99900000
      1.0000000     -1.9980000    0.015984000   -0.046500000  0.00099900000     0.99950000
      1.0000000     -2.0000000      0.0000000      1.0000000      0.0000000      1.0000000
      1.0000000     -1.9980000    0.015984000     0.99950000  0.00099900000     0.99950000
      1.0000000     -1.9860000     0.11121600     0.99300000   0.0099360000     0.99600000
      1.0000000     -2.0000000      0.0000000      1.0000000      0.0000000      1.0000000
      1.0000000     -2.0000000      0.0000000      1.0000000      0.0000000      1.0000000
      1.0000000     -1.9940000    0.047856000     0.99800000   0.0059840000     0.99800000
      1.0000000     -1.9940000    0.047856000    -0.43200000   0.0059840000     0.99800000
      1.0000000     -1.9980000    0.015984000     0.99950000  0.00099900000     0.99950000
      1.0000000     -2.0000000      0.0000000      1.0000000      0.0000000      1.0000000
      1.0000000     -1.9960000    0.031936000     0.83800000   0.0019960000     0.99900000
      1.0000000     -2.0000000      0.0000000      1.0000000      0.0000000      1.0000000
      1.0000000     -1.9880000    0.095424000     0.62650000   0.0089510000     0.99650000
      1.0000000     -1.9980000    0.015984000    -0.38900000   0.0039960000     0.99900000
      1.0000000     -2.0000000      0.0000000      1.0000000      0.0000000      1.0000000
      1.0000000     -1.9920000    0.063744000     0.30800000   0.0039840000     0.99800000
      1.0000000     -1.9900000    0.079600000    -0.30750000    0.010951000     0.99650000
      1.0000000     -1.9980000    0.015984000     0.99950000  0.00099900000     0.99950000
      1.0000000     -2.0000000      0.0000000      1.0000000      0.0000000      1.0000000
      1.0000000     -1.9740000     0.20529600     0.82200000    0.021744000     0.99200000
      1.0000000     -1.9900000    0.079600000     0.99350000   0.0049750000     0.99750000
      1.0000000     -2.0000000      0.0000000      1.0000000      0.0000000      1.0000000
      1.0000000     -1.9740000     0.20529600     0.62900000    0.021744000     0.99200000
      1.0000000     -2.0000000      0.0000000      1.0000000      0.0000000      1.0000000
      1.0000000     -1.9960000    0.031936000     0.70650000   0.0049910000     0.99850000
      1.0000000     -1.9980000    0.015984000     0.99900000   0.0039960000     0.99900000
      1.0000000     -2.0000000      0.0000000      1.0000000      0.0000000      1.0000000
      1.0000000     -2.0000000      0.0000000      1.0000000      0.0000000      1.0000000
      1.0000000     -1.9920000    0.063744000    0.064500000   0.0069750000     0.99750000
      1.0000000     -1.9980000    0.015984000    -0.84450000  0.00099900000     0.99950000
      1.0000000     -1.9980000    0.015984000     0.99950000  0.00099900000     0.99950000
      1.0000000     -2.0000000      0.0000000      1.0000000      0.0000000      1.0000000
      1.0000000     -2.0000000      0.0000000      1.0000000      0.0000000      1.0000000
      1.0000000     -2.0000000      0.0000000      1.0000000      0.0000000      1.0000000
      1.0000000     -2.0000000      0.0000000      1.0000000      0.0000000      1.0000000
      1.0000000     -1.9920000    0.063744000     0.99600000   0.0099640000     0.99700000
      1.0000000     -1.9960000    0.031936000     0.99800000   0.0079840000     0.99800000
      1.0000000     -2.0000000      0.0000000    -0.42200000      0.0000000      1.0000000
      1.0000000     -1.9840000     0.12697600     0.87000000   0.0079360000     0.99600000
      1.0000000     -2.0000000      0.0000000      1.0000000      0.0000000      1.0000000
      1.0000000     -1.9980000    0.015984000    -0.89900000   0.0039960000     0.99900000
      1.0000000     -1.9980000    0.015984000     0.99950000  0.00099900000     0.99950000
      1.0000000     -1.9920000    0.063744000    -0.79200000   0.0039840000     0.99800000
      1.0000000     -1.9960000    0.031936000     0.66950000   0.0049910000     0.99850000
      1.0000000     -2.0000000      0.0000000      1.0000000      0.0000000      1.0000000
      1.0000000     -1.9900000    0.079600000     0.77550000   0.0049750000     0.99750000
      1.0000000     -1.9920000    0.063744000    0.017500000    0.012951000     0.99650000
      1.0000000     -1.9920000    0.063744000     0.86400000   0.0039840000     0.99800000
      1.0000000     -2.0000000      0.0000000      1.0000000      0.0000000      1.0000000
      1.0000000     -1.9960000    0.031936000    -0.47600000   0.0019960000     0.99900000
      1.0000000     -2.0000000      0.0000000      1.0000000      0.0000000      1.0000000
      1.0000000     -1.9980000    0.015984000     0.72500000   0.0039960000     0.99900000
      1.0000000     -2.0000000      0.0000000      1.0000000      0.0000000      1.0000000
      1.0000000     -2.0000000      0.0000000      1.0000000      0.0000000      1.0000000
      1.0000000     -2.0000000      0.0000000      1.0000000      0.0000000      1.0000000
      1.0000000     -2.0000000      0.0000000      1.0000000      0.0000000      1.0000000
      1.0000000     -1.9900000    0.079600000     0.99250000   0.0049750000     0.99750000
      1.0000000     -2.0000000      0.0000000      1.0000000      0.0000000      1.0000000
      1.0000000     -2.0000000      0.0000000      1.0000000      0.0000000      1.0000000
      1.0000000     -1.9960000    0.031936000     0.60350000   0.0049910000     0.99850000
      1.0000000     -2.0000000      0.0000000      1.0000000      0.0000000      1.0000000
      1.0000000     -2.0000000      0.0000000      1.0000000      0.0000000      1.0000000
      1.0000000     -1.9960000    0.031936000    -0.29750000   0.0049910000     0.99850000
      1.0000000     -2.0000000      0.0000000      1.0000000      0.0000000      1.0000000
      1.0000000     -1.9960000    0.031936000     0.67150000   0.0049910000     0.99850000
      1.0000000     -1.9940000    0.047856000     0.11150000   0.0089750000     0.99750000
      1.0000000     -1.9980000    0.015984000     0.78750000  0.00099900000     0.99950000
      1.0000000     -2.0000000      0.0000000      1.0000000      0.0000000      1.0000000
      1.0000000     -1.9960000    0.031936000     0.99900000   0.0019960000     0.99900000
      1.0000000     -1.9980000    0.015984000     0.99950000  0.00099900000     0.99950000
      1.0000000     -2.0000000      0.0000000      1.0000000      0.0000000      1.0000000
      1.0000000     -1.9940000    0.047856000     0.99800000   0.0059840000     0.99800000
      1.0000000     -1.9980000    0.015984000    -0.84250000  0.00099900000     0.99950000
      1.0000000     -1.9980000    0.015984000    -0.57150000  0.00099900000     0.99950000
      1.0000000     -1.9900000    0.079600000     0.99550000   0.0049750000     0.99750000
      1.0000000     -1.9960000    0.031936000    -0.37900000   0.0019960000     0.99900000
      1.0000000     -2.0000000      0.0000000      1.0000000      0.0000000      1.0000000
      1.0000000     -1.9940000    0.047856000     0.84350000   0.0029910000     0.99850000
      1.0000000     -1.9980000    0.015984000   -0.098500000  0.00099900000     0.99950000
      1.0000000     -1.9980000    0.015984000     0.99900000   0.0039960000     0.99900000
      1.0000000     -1.9940000    0.047856000    -0.48550000   0.0029910000     0.99850000
      1.0000000     -1.9840000     0.12697600    -0.77900000    0.019856000     0.99400000
      1.0000000     -1.9900000    0.079600000    -0.19300000   0.0079640000     0.99700000
      1.0000000     -1.9980000    0.015984000     0.99850000  0.00099900000     0.99950000
      1.0000000     -2.0000000      0.0000000     0.15400000      0.0000000      1.0000000
      1.0000000     -1.9980000    0.015984000     0.99950000  0.00099900000     0.99950000
      1.0000000     -2.0000000      0.0000000      1.0000000      0.0000000      1.0000000
      1.0000000     -2.0000000      0.0000000      1.0000000      0.0000000      1.0000000
      1.0000000     -1.9960000    0.031936000     0.99900000   0.0019960000     0.99900000
      1.0000000     -2.0000000      0.0000000      1.0000000      0.0000000      1.0000000
      1.0000000     -2.0000000      0.0000000      1.0000000      0.0000000      1.0000000
      1.0000000     -2.0000000      0.0000000      1.0000000      0.0000000      1.0000000
      1.0000000     -2.0000000      0.0000000      1.0000000      0.0000000      1.0000000
      1.0000000     -2.0000000      0.0000000      1.0000000      0.0000000      1.0000000
      1.0000000     -1.9940000    0.047856000     0.42700000    0.011964000     0.99700000
      1.0000000     -1.9980000    0.015984000     0.99900000   0.0039960000     0.99900000
      1.0000000     -2.0000000      0.0000000      1.0000000      0.0000000      1.0000000
      1.0000000     -1.9960000    0.031936000    -0.16400000   0.0019960000     0.99900000
      1.0000000     -1.9900000    0.079600000   -0.023500000   0.0049750000     0.99750000
      1.0000000     -2.0000000      0.0000000      1.0000000      0.0000000      1.0000000
      1.0000000     -1.9960000    0.031936000    -0.93600000   0.0079840000     0.99800000
      1.0000000     -2.0000000      0.0000000      1.0000000      0.0000000      1.0000000
      1.0000000     -2.0000000      0.0000000      1.0000000      0.0000000      1.0000000
      1.0000000     -1.9900000    0.079600000     0.42050000    0.016919000     0.99550000
      1.0000000     -1.9900000    0.079600000     0.15900000   0.0079640000     0.99700000
      1.0000000     -2.0000000      0.0000000      1.0000000      0.0000000      1.0000000
      1.0000000     -1.9900000    0.079600000     0.99550000    0.016919000     0.99550000
      1.0000000     -1.9960000    0.031936000     0.99850000   0.0049910000     0.99850000
      1.0000000     -1.9960000    0.031936000     0.46200000   0.0019960000     0.99900000
      1.0000000     -1.9920000    0.063744000     0.99700000   0.0099640000     0.99700000
      1.0000000     -1.9820000     0.14270400     0.66800000    0.017856000     0.99400000
      1.0000000     -1.9880000    0.095424000     0.99400000    0.017900000     0.99500000
      1.0000000     -1.9860000     0.11121600     0.91850000    0.012919000     0.99550000
      1.0000000     -2.0000000      0.0000000      1.0000000      0.0000000      1.0000000
      1.0000000     -1.9920000    0.063744000   -0.038000000   0.0099640000     0.99700000
      1.0000000     -2.0000000      0.0000000    -0.89200000      0.0000000      1.0000000
      1.0000000     -2.0000000      0.0000000      1.0000000      0.0000000      1.0000000
      1.0000000     -1.9980000    0.015984000    -0.84750000  0.00099900000     0.99950000
      1.0000000     -1.9820000     0.14270400     0.99250000    0.014879000     0.99450000
      1.0000000     -1.9960000    0.031936000    -0.45800000   0.0019960000     0.99900000
      1.0000000     -1.9920000    0.063744000    -0.31900000   0.0099640000     0.99700000
      1.0000000     -1.9960000    0.031936000   -0.092000000   0.0079840000     0.99800000
      1.0000000     -1.9940000    0.047856000     0.99750000   0.0089750000     0.99750000
      1.0000000     -1.9860000     0.11121600     0.35650000    0.012919000     0.99550000
      1.0000000     -1.9960000    0.031936000     0.23100000   0.0019960000     0.99900000
      1.0000000     -2.0000000      0.0000000      1.0000000      0.0000000      1.0000000
      1.0000000     -2.0000000      0.0000000      1.0000000      0.0000000      1.0000000
      1.0000000     -1.9980000    0.015984000     0.94250000  0.00099900000     0.99950000
      1.0000000     -2.0000000      0.0000000      1.0000000      0.0000000      1.0000000
      1.0000000     -1.9960000    0.031936000     0.44450000   0.0049910000     0.99850000
      1.0000000     -2.0000000      0.0000000      1.0000000      0.0000000      1.0000000
      1.0000000     -2.0000000      0.0000000      1.0000000      0.0000000      1.0000000
      1.0000000     -1.9980000    0.015984000     0.99900000   0.0039960000     0.99900000
      1.0000000     -2.0000000      0.0000000      1.0000000      0.0000000      1.0000000
      1.0000000     -1.9900000    0.079600000     0.99600000   0.0079640000     0.99700000
      1.0000000     -1.9980000    0.015984000     0.99950000  0.00099900000     0.99950000
      1.0000000     -2.0000000      0.0000000      1.0000000      0.0000000      1.0000000
      1.0000000     -1.9920000    0.063744000     0.99600000   0.0039840000     0.99800000
      1.0000000     -1.9980000    0.015984000     0.99950000  0.00099900000     0.99950000
      1.0000000     -1.9780000     0.17406400    0.050000000    0.019804000     0.99300000
      1.0000000     -1.9940000    0.047856000     0.98150000   0.0089750000     0.99750000
      1.0000000     -1.9920000    0.063744000     0.49400000   0.0099640000     0.99700000
      1.0000000     -2.0000000      0.0000000      1.0000000      0.0000000      1.0000000
      1.0000000     -2.0000000      0.0000000      1.0000000      0.0000000      1.0000000
      1.0000000     -2.0000000      0.0000000      1.0000000      0.0000000      1.0000000
      1.0000000     -1.9980000    0.015984000    -0.44750000  0.00099900000     0.99950000
      1.0000000     -1.9980000    0.015984000   -0.085000000   0.0039960000     0.99900000
      1.0000000     -1.9940000    0.047856000     0.99750000   0.0029910000     0.99850000
      1.0000000     -2.0000000      0.0000000      1.0000000      0.0000000      1.0000000
      1.0000000     -1.9980000    0.015984000     0.99900000   0.0039960000     0.99900000
      1.0000000     -1.9980000    0.015984000     0.99950000  0.00099900000     0.99950000
      1.0000000     -1.9980000    0.015984000     0.99950000  0.00099900000     0.99950000
      1.0000000     -2.0000000      0.0000000      1.0000000      0.0000000      1.0000000
      1.0000000     -2.0000000      0.0000000      1.0000000      0.0000000      1.0000000
      1.0000000     -1.9980000    0.015984000     0.99950000  0.00099900000     0.99950000
      1.0000000     -1.9960000    0.031936000  -0.0060000000   0.0019960000     0.99900000
      1.0000000     -1.9860000     0.11121600     0.99400000    0.015900000     0.99500000
      1.0000000     -1.9960000    0.031936000   -0.050500000   0.0049910000     0.99850000
      1.0000000     -1.9980000    0.015984000     0.99950000  0.00099900000     0.99950000
      1.0000000     -1.9980000    0.015984000    -0.23750000  0.00099900000     0.99950000
      1.0000000     -2.0000000      0.0000000      1.0000000      0.0000000      1.0000000
      1.0000000     -2.0000000      0.0000000      1.0000000      0.0000000      1.0000000
      1.0000000     -1.9960000    0.031936000   0.0050000000   0.0019960000     0.99900000
      1.0000000     -2.0000000      0.0000000      1.0000000      0.0000000      1.0000000
      1.0000000     -1.9980000    0.015984000     0.99900000   0.0039960000     0.99900000
      1.0000000     -2.0000000      0.0000000      1.0000000      0.0000000      1.0000000
      1.0000000     -1.9920000    0.063744000    -0.29250000   0.0069750000     0.99750000
      1.0000000     -2.0000000      0.0000000      1.0000000      0.0000000      1.0000000
      1.0000000     -2.0000000      0.0000000      1.0000000      0.0000000      1.0000000
      1.0000000     -1.9960000    0.031936000     0.61050000   0.0049910000     0.99850000
      1.0000000     -1.9980000    0.015984000     0.99950000  0.00099900000     0.99950000
      1.0000000     -1.9980000    0.015984000     0.11850000  0.00099900000     0.99950000
      1.0000000     -1.9980000    0.015984000    -0.30350000  0.00099900000     0.99950000
      1.0000000     -1.9940000    0.047856000     0.25250000   0.0029910000     0.99850000
      1.0000000     -1.9920000    0.063744000    -0.26200000   0.0039840000     0.99800000
      1.0000000     -2.0000000      0.0000000      1.0000000      0.0000000      1.0000000
      1.0000000     -1.9960000    0.031936000     0.99900000   0.0019960000     0.99900000
      1.0000000     -2.0000000      0.0000000      1.0000000      0.0000000      1.0000000
      1.0000000     -1.9960000    0.031936000     0.99900000   0.0019960000     0.99900000
      1.0000000     -1.9900000    0.079600000     0.99550000    0.010951000     0.99650000
      1.0000000     -1.9960000    0.031936000     0.23100000   0.0019960000     0.99900000
      1.0000000     -1.9960000    0.031936000     0.99850000   0.0049910000     0.99850000
      1.0000000     -2.0000000      0.0000000      1.0000000      0.0000000      1.0000000
      1.0000000     -1.9860000     0.11121600     0.80800000    0.021856000     0.99400000
      1.0000000     -1.9900000    0.079600000    0.043500000    0.010951000     0.99650000
      1.0000000     -1.9960000    0.031936000    -0.32250000   0.0049910000     0.99850000
      1.0000000     -1.9980000    0.015984000   -0.077500000  0.00099900000     0.99950000
      1.0000000     -1.9980000    0.015984000     0.22300000   0.0039960000     0.99900000
      1.0000000     -2.0000000      0.0000000      1.0000000      0.0000000      1.0000000
      1.0000000     -2.0000000      0.0000000      1.0000000      0.0000000      1.0000000
      1.0000000     -1.9940000    0.047856000     0.99650000   0.0029910000     0.99850000
      1.0000000     -1.9960000    0.031936000     0.99850000   0.0049910000     0.99850000
      1.0000000     -1.9900000    0.079600000     0.99500000    0.013936000     0.99600000
      1.0000000     -2.0000000      0.0000000      1.0000000      0.0000000      1.0000000
      1.0000000     -2.0000000      0.0000000      1.0000000      0.0000000      1.0000000
      1.0000000     -1.9960000    0.031936000     0.65200000   0.0019960000     0.99900000
      1.0000000     -1.9940000    0.047856000     0.99750000   0.0029910000     0.99850000
      1.0000000     -2.0000000      0.0000000      1.0000000      0.0000000      1.0000000
      1.0000000     -2.0000000      0.0000000      1.0000000      0.0000000      1.0000000
      1.0000000     -1.9980000    0.015984000     0.99950000  0.00099900000     0.99950000
      1.0000000     -1.9980000    0.015984000    -0.19150000  0.00099900000     0.99950000
      1.0000000     -1.9940000    0.047856000    -0.48450000   0.0089750000     0.99750000
      1.0000000     -1.9960000    0.031936000     0.99900000   0.0019960000     0.99900000
      1.0000000     -2.0000000      0.0000000      1.0000000      0.0000000      1.0000000
      1.0000000     -2.0000000      0.0000000      1.0000000      0.0000000      1.0000000
      1.0000000     -2.0000000      0.0000000      1.0000000      0.0000000      1.0000000
      1.0000000     -1.9940000    0.047856000     0.99750000   0.0089750000     0.99750000
      1.0000000     -2.0000000      0.0000000      1.0000000      0.0000000      1.0000000
      1.0000000     -2.0000000      0.0000000      1.0000000      0.0000000      1.0000000
      1.0000000     -2.0000000      0.0000000      1.0000000      0.0000000      1.0000000
      1.0000000     -1.9940000    0.047856000     0.86900000    0.011964000     0.99700000
      1.0000000     -1.9880000    0.095424000    -0.31000000    0.017900000     0.99500000
      1.0000000     -2.0000000      0.0000000      1.0000000      0.0000000      1.0000000
      1.0000000     -2.0000000      0.0000000      1.0000000      0.0000000      1.0000000
      1.0000000     -2.0000000      0.0000000      1.0000000      0.0000000      1.0000000
      1.0000000     -2.0000000      0.0000000      1.0000000      0.0000000      1.0000000
      1.0000000     -1.9960000    0.031936000    -0.31000000   0.0079840000     0.99800000
      1.0000000     -2.0000000      0.0000000      1.0000000      0.0000000      1.0000000
      1.0000000     -2.0000000      0.0000000      1.0000000      0.0000000      1.0000000
      1.0000000     -1.9980000    0.015984000    -0.91650000  0.00099900000     0.99950000
      1.0000000     -2.0000000      0.0000000      1.0000000      0.0000000      1.0000000
      1.0000000     -2.0000000      0.0000000      1.0000000      0.0000000      1.0000000
      1.0000000     -1.9980000    0.015984000     0.99950000  0.00099900000     0.99950000
      1.0000000     -1.9980000    0.015984000     0.99950000  0.00099900000     0.99950000
      1.0000000     -1.9940000    0.047856000     0.99750000   0.0029910000     0.99850000
      1.0000000     -1.9980000    0.015984000     0.99900000   0.0039960000     0.99900000
      1.0000000     -1.9960000    0.031936000     0.99850000   0.0049910000     0.99850000
      1.0000000     -1.9960000    0.031936000     0.47600000   0.0019960000     0.99900000
      1.0000000     -1.9960000    0.031936000    -0.32800000   0.0079840000     0.99800000
      1.0000000     -2.0000000      0.0000000      1.0000000      0.0000000      1.0000000
      1.0000000     -1.9920000    0.063744000     0.72200000   0.0099640000     0.99700000
      1.0000000     -1.9980000    0.015984000     0.99950000  0.00099900000     0.99950000
      1.0000000     -2.0000000      0.0000000      1.0000000      0.0000000      1.0000000
      1.0000000     -1.9920000    0.063744000     0.99700000   0.0099640000     0.99700000
      1.0000000     -2.0000000      0.0000000      1.0000000      0.0000000      1.0000000
      1.0000000     -1.9980000    0.015984000     0.99900000   0.0039960000     0.99900000
      1.0000000     -1.9880000    0.095424000    -0.67450000    0.020879000     0.99450000
      1.0000000     -1.9920000    0.063744000   -0.085500000   0.0069750000     0.99750000
      1.0000000     -2.0000000      0.0000000      1.0000000      0.0000000      1.0000000
      1.0000000     -2.0000000      0.0000000      1.0000000      0.0000000      1.0000000
      1.0000000     -1.9960000    0.031936000   -0.086000000   0.0019960000     0.99900000
      1.0000000     -1.9940000    0.047856000     0.99800000   0.0059840000     0.99800000
      1.0000000     -2.0000000      0.0000000      1.0000000      0.0000000      1.0000000
      1.0000000     -2.0000000      0.0000000      1.0000000      0.0000000      1.0000000
      1.0000000     -2.0000000      0.0000000      1.0000000      0.0000000      1.0000000
      1.0000000     -1.9960000    0.031936000     0.99850000   0.0049910000     0.99850000
      1.0000000     -2.0000000      0.0000000     0.95000000      0.0000000      1.0000000
      1.0000000     -1.9980000    0.015984000     0.99900000   0.0039960000     0.99900000
      1.0000000     -1.9960000    0.031936000     0.42350000   0.0049910000     0.99850000
      1.0000000     -1.9900000    0.079600000     0.99500000    0.013936000     0.99600000
      1.0000000     -1.9880000    0.095424000     0.50150000    0.014919000     0.99550000
      1.0000000     -1.9880000    0.095424000     0.26200000    0.017900000     0.99500000
      1.0000000     -1.9980000    0.015984000     0.99900000   0.0039960000     0.99900000
      1.0000000     -2.0000000      0.0000000      1.0000000      0.0000000      1.0000000
      1.0000000     -1.9980000    0.015984000     0.99950000  0.00099900000     0.99950000
      1.0000000     -1.9980000    0.015984000     0.99900000   0.0039960000     0.99900000
      1.0000000     -2.0000000      0.0000000      1.0000000      0.0000000      1.0000000
      1.0000000     -2.0000000      0.0000000      1.0000000      0.0000000      1.0000000
      1.0000000     -1.9900000    0.079600000    -0.91700000   0.0079640000     0.99700000
      1.0000000     -1.9960000    0.031936000     0.99900000   0.0019960000     0.99900000
      1.0000000     -1.9840000     0.12697600    -0.13800000   0.0079360000     0.99600000
      1.0000000     -2.0000000      0.0000000      1.0000000      0.0000000      1.0000000
      1.0000000     -2.0000000      0.0000000      1.0000000      0.0000000      1.0000000
      1.0000000     -1.9940000    0.047856000     0.99800000   0.0059840000     0.99800000
      1.0000000     -1.9940000    0.047856000    -0.95350000   0.0029910000     0.99850000
      1.0000000     -1.9940000    0.047856000     0.99700000    0.011964000     0.99700000
      1.0000000     -1.9940000    0.047856000    -0.37800000   0.0059840000     0.99800000
      1.0000000     -2.0000000      0.0000000      1.0000000      0.0000000      1.0000000
      1.0000000     -1.9940000    0.047856000     0.99750000   0.0029910000     0.99850000
      1.0000000     -2.0000000      0.0000000      1.0000000      0.0000000      1.0000000
      1.0000000     -1.9960000    0.031936000     0.99900000   0.0019960000     0.99900000
      1.0000000     -2.0000000      0.0000000      1.0000000      0.0000000      1.0000000
      1.0000000     -1.9980000    0.015984000     0.99950000  0.00099900000     0.99950000
      1.0000000     -1.9980000    0.015984000     0.95950000  0.00099900000     0.99950000
      1.0000000     -1.9940000    0.047856000     0.99750000   0.0029910000     0.99850000
      1.0000000     -2.0000000      0.0000000      1.0000000      0.0000000      1.0000000
      1.0000000     -1.9980000    0.015984000    -0.29900000   0.0039960000     0.99900000
      1.0000000     -2.0000000      0.0000000      1.0000000      0.0000000      1.0000000
      1.0000000     -2.0000000      0.0000000      1.0000000      0.0000000      1.0000000
      1.0000000     -1.9920000    0.063744000     0.46600000   0.0099640000     0.99700000
      1.0000000     -1.9840000     0.12697600    -0.44900000    0.013900000     0.99500000
      1.0000000     -1.9960000    0.031936000     0.99800000   0.0079840000     0.99800000
      1.0000000     -2.0000000      0.0000000      1.0000000      0.0000000      1.0000000
      1.0000000     -2.0000000      0.0000000      1.0000000      0.0000000      1.0000000
      1.0000000     -1.9900000    0.079600000     0.17250000   0.0049750000     0.99750000
      1.0000000     -2.0000000      0.0000000      1.0000000      0.0000000      1.0000000
      1.0000000     -1.9960000    0.031936000     0.99850000   0.0049910000     0.99850000
      1.0000000     -2.0000000      0.0000000      1.0000000      0.0000000      1.0000000
      1.0000000     -2.0000000      0.0000000      1.0000000      0.0000000      1.0000000
      1.0000000     -1.9960000    0.031936000     0.99900000   0.0019960000     0.99900000
      1.0000000     -2.0000000      0.0000000      1.0000000      0.0000000      1.0000000
      1.0000000     -1.9940000    0.047856000     0.99750000   0.0089750000     0.99750000
      1.0000000     -2.0000000      0.0000000      1.0000000      0.0000000      1.0000000
      1.0000000     -1.9780000     0.17406400    -0.22050000    0.016831000     0.99350000
      1.0000000     -1.9980000    0.015984000     0.99900000   0.0039960000     0.99900000
      1.0000000     -1.9960000    0.031936000     0.99750000   0.0049910000     0.99850000
      1.0000000     -2.0000000      0.0000000      1.0000000      0.0000000      1.0000000
      1.0000000     -1.9960000    0.031936000     0.99900000   0.0019960000     0.99900000
      1.0000000     -1.9960000    0.031936000    -0.92350000   0.0049910000     0.99850000
      1.0000000     -2.0000000      0.0000000      1.0000000      0.0000000      1.0000000
      1.0000000     -2.0000000      0.0000000      1.0000000      0.0000000      1.0000000
      1.0000000     -2.0000000      0.0000000      1.0000000      0.0000000      1.0000000
      1.0000000     -1.9940000    0.047856000     0.99700000   0.0059840000     0.99800000
      1.0000000     -1.9960000    0.031936000     0.99900000   0.0019960000     0.99900000
      1.0000000     -1.9940000    0.047856000    -0.49800000   0.0059840000     0.99800000
      1.0000000     -1.9860000     0.11121600    -0.42700000   0.0099360000     0.99600000
      1.0000000     -1.9960000    0.031936000    -0.28700000   0.0019960000     0.99900000
      1.0000000     -1.9940000    0.047856000     0.94400000   0.0059840000     0.99800000
      1.0000000     -1.9920000    0.063744000   -0.036000000   0.0099640000     0.99700000
      1.0000000     -1.9900000    0.079600000     0.99350000    0.010951000     0.99650000
      1.0000000     -1.9940000    0.047856000     0.99750000   0.0029910000     0.99850000
      1.0000000     -1.9940000    0.047856000     0.99750000   0.0029910000     0.99850000
      1.0000000     -2.0000000      0.0000000      1.0000000      0.0000000      1.0000000
      1.0000000     -2.0000000      0.0000000      1.0000000      0.0000000      1.0000000
      1.0000000     -1.9980000    0.015984000     0.99950000  0.00099900000     0.99950000
      1.0000000     -1.9880000    0.095424000     0.99300000    0.011936000     0.99600000
      1.0000000     -2.0000000      0.0000000      1.0000000      0.0000000      1.0000000
      1.0000000     -1.9840000     0.12697600     0.99300000    0.019856000     0.99400000
      1.0000000     -1.9880000    0.095424000   -0.058000000   0.0059640000     0.99700000
      1.0000000     -1.9940000    0.047856000     0.99700000   0.0059840000     0.99800000
      1.0000000     -1.9980000    0.015984000     0.99900000   0.0039960000     0.99900000
      1.0000000     -2.0000000      0.0000000      1.0000000      0.0000000      1.0000000
      1.0000000     -1.9960000    0.031936000     0.99850000   0.0049910000     0.99850000
      1.0000000     -2.0000000      0.0000000      1.0000000      0.0000000      1.0000000
      1.0000000     -1.9980000    0.015984000     0.99950000  0.00099900000     0.99950000
      1.0000000     -1.9900000    0.079600000     0.62400000   0.0079640000     0.99700000
      1.0000000     -2.0000000      0.0000000      1.0000000      0.0000000      1.0000000
      1.0000000     -1.9920000    0.063744000    -0.13300000   0.0039840000     0.99800000
      1.0000000     -2.0000000      0.0000000      1.0000000      0.0000000      1.0000000
      1.0000000     -1.9960000    0.031936000   -0.080000000   0.0019960000     0.99900000
      1.0000000     -1.9980000    0.015984000    -0.94050000  0.00099900000     0.99950000
      1.0000000     -2.0000000      0.0000000      1.0000000      0.0000000      1.0000000
      1.0000000     -1.9940000    0.047856000    -0.62000000   0.0059840000     0.99800000
      1.0000000     -1.9880000    0.095424000     0.99300000   0.0059640000     0.99700000
      1.0000000     -2.0000000      0.0000000      1.0000000      0.0000000      1.0000000
      1.0000000     -1.9980000    0.015984000     0.99950000  0.00099900000     0.99950000
      1.0000000     -1.9940000    0.047856000    -0.88550000   0.0029910000     0.99850000
      1.0000000     -1.9980000    0.015984000     0.99950000  0.00099900000     0.99950000
      1.0000000     -1.9900000    0.079600000    -0.68100000    0.013936000     0.99600000
      1.0000000     -1.9900000    0.079600000    -0.53550000   0.0049750000     0.99750000
      1.0000000     -1.9980000    0.015984000    -0.10350000  0.00099900000     0.99950000
      1.0000000     -1.9980000    0.015984000     0.99900000   0.0039960000     0.99900000
      1.0000000     -2.0000000      0.0000000      1.0000000      0.0000000      1.0000000
      1.0000000     -2.0000000      0.0000000      1.0000000      0.0000000      1.0000000
      1.0000000     -2.0000000      0.0000000      1.0000000      0.0000000      1.0000000
      1.0000000     -1.9980000    0.015984000     0.99950000  0.00099900000     0.99950000
      1.0000000     -1.9900000    0.079600000     0.15950000   0.0049750000     0.99750000
      1.0000000     -1.9940000    0.047856000    -0.75950000   0.0029910000     0.99850000
      1.0000000     -1.9980000    0.015984000    -0.14350000  0.00099900000     0.99950000
      1.0000000     -1.9880000    0.095424000    0.093500000   0.0089510000     0.99650000
      1.0000000     -2.0000000      0.0000000      1.0000000      0.0000000      1.0000000
      1.0000000     -1.9980000    0.015984000     0.99950000  0.00099900000     0.99950000
      1.0000000     -1.9960000    0.031936000     0.99850000   0.0049910000     0.99850000
      1.0000000     -2.0000000      0.0000000      1.0000000      0.0000000      1.0000000
      1.0000000     -2.0000000      0.0000000      1.0000000      0.0000000      1.0000000
      1.0000000     -1.9820000     0.14270400   0.0070000000    0.023804000     0.99300000
      1.0000000     -2.0000000      0.0000000      1.0000000      0.0000000      1.0000000
      1.0000000     -1.9980000    0.015984000     0.99950000  0.00099900000     0.99950000
      1.0000000     -1.9940000    0.047856000     0.81700000   0.0059840000     0.99800000
      1.0000000     -2.0000000      0.0000000      1.0000000      0.0000000      1.0000000
      1.0000000     -2.0000000      0.0000000      1.0000000      0.0000000      1.0000000
      1.0000000     -2.0000000      0.0000000      1.0000000      0.0000000      1.0000000
      1.0000000     -1.9920000    0.063744000     0.99600000   0.0039840000     0.99800000
      1.0000000     -1.9960000    0.031936000   -0.064000000   0.0019960000     0.99900000
      1.0000000     -2.0000000      0.0000000      1.0000000      0.0000000      1.0000000
      1.0000000     -2.0000000      0.0000000      1.0000000      0.0000000      1.0000000
      1.0000000     -1.9960000    0.031936000    -0.58450000   0.0049910000     0.99850000
      1.0000000     -1.9940000    0.047856000    -0.80500000    0.011964000     0.99700000
      1.0000000     -1.9960000    0.031936000     0.99900000   0.0019960000     0.99900000
      1.0000000     -1.9900000    0.079600000     0.63200000   0.0079640000     0.99700000
      1.0000000     -2.0000000      0.0000000      1.0000000      0.0000000      1.0000000
      1.0000000     -1.9940000    0.047856000     0.99850000   0.0029910000     0.99850000
      1.0000000     -1.9960000    0.031936000     0.99850000   0.0049910000     0.99850000
      1.0000000     -1.9980000    0.015984000     0.99950000  0.00099900000     0.99950000
      1.0000000     -1.9880000    0.095424000    -0.73450000    0.014919000     0.99550000
      1.0000000     -2.0000000      0.0000000      1.0000000      0.0000000      1.0000000
      1.0000000     -1.9900000    0.079600000     0.69700000   0.0079640000     0.99700000
      1.0000000     -2.0000000      0.0000000      1.0000000      0.0000000      1.0000000
      1.0000000     -1.9980000    0.015984000    0.019000000   0.0039960000     0.99900000
      1.0000000     -1.9960000    0.031936000     0.99900000   0.0019960000     0.99900000
      1.0000000     -1.9980000    0.015984000     0.99950000  0.00099900000     0.99950000
      1.0000000     -1.9900000    0.079600000    -0.21450000    0.010951000     0.99650000
      1.0000000     -1.9960000    0.031936000    -0.57250000   0.0049910000     0.99850000
      1.0000000     -1.9980000    0.015984000     0.99950000  0.00099900000     0.99950000
      1.0000000     -2.0000000      0.0000000      1.0000000      0.0000000      1.0000000
      1.0000000     -1.9840000     0.12697600     0.65050000    0.016879000     0.99450000
      1.0000000     -1.9960000    0.031936000    -0.32600000   0.0019960000     0.99900000
      1.0000000     -2.0000000      0.0000000      1.0000000      0.0000000      1.0000000
      1.0000000     -2.0000000      0.0000000      1.0000000      0.0000000      1.0000000
      1.0000000     -2.0000000      0.0000000      1.0000000      0.0000000      1.0000000
      1.0000000     -2.0000000      0.0000000      1.0000000      0.0000000      1.0000000
      1.0000000     -1.9980000    0.015984000     0.99900000   0.0039960000     0.99900000
      1.0000000     -1.9980000    0.015984000    -0.64900000   0.0039960000     0.99900000
      1.0000000     -1.9940000    0.047856000    0.016500000   0.0029910000     0.99850000
      1.0000000     -2.0000000      0.0000000      1.0000000      0.0000000      1.0000000
      1.0000000     -1.9820000     0.14270400    -0.36450000    0.020831000     0.99350000
      1.0000000     -1.9780000     0.17406400   -0.019000000    0.019804000     0.99300000
      1.0000000     -1.9960000    0.031936000     0.91850000   0.0049910000     0.99850000
      1.0000000     -1.9980000    0.015984000     0.99900000   0.0039960000     0.99900000
      1.0000000     -1.9920000    0.063744000     0.78900000   0.0099640000     0.99700000
      1.0000000     -2.0000000      0.0000000      1.0000000      0.0000000      1.0000000
      1.0000000     -1.9960000    0.031936000     0.99750000   0.0049910000     0.99850000
      1.0000000     -1.9980000    0.015984000     0.99950000  0.00099900000     0.99950000
      1.0000000     -1.9980000    0.015984000     0.99950000  0.00099900000     0.99950000
      1.0000000     -1.9940000    0.047856000    -0.51350000   0.0089750000     0.99750000
      1.0000000     -1.9940000    0.047856000    -0.59750000   0.0089750000     0.99750000
      1.0000000     -1.9980000    0.015984000     0.99950000  0.00099900000     0.99950000
      1.0000000     -1.9860000     0.11121600    0.035000000   0.0099360000     0.99600000
      1.0000000     -1.9980000    0.015984000     0.99950000  0.00099900000     0.99950000
      1.0000000     -1.9860000     0.11121600     0.99450000    0.018879000     0.99450000
      1.0000000     -1.9940000    0.047856000     0.89300000    0.011964000     0.99700000
      1.0000000     -1.9960000    0.031936000    -0.19050000   0.0049910000     0.99850000
      1.0000000     -1.9960000    0.031936000   0.0020000000   0.0079840000     0.99800000
      1.0000000     -2.0000000      0.0000000      1.0000000      0.0000000      1.0000000
      1.0000000     -1.9980000    0.015984000    -0.94950000  0.00099900000     0.99950000
      1.0000000     -1.9920000    0.063744000     0.99700000   0.0099640000     0.99700000
      1.0000000     -1.9960000    0.031936000     0.99900000   0.0019960000     0.99900000
      1.0000000     -2.0000000      0.0000000      1.0000000      0.0000000      1.0000000
      1.0000000     -1.9920000    0.063744000     0.99700000   0.0039840000     0.99800000
      1.0000000     -2.0000000      0.0000000      1.0000000      0.0000000      1.0000000
      1.0000000     -1.9960000    0.031936000     0.11450000   0.0049910000     0.99850000
      1.0000000     -1.9980000    0.015984000     0.99950000  0.00099900000     0.99950000
      1.0000000     -1.9960000    0.031936000     0.99900000   0.0019960000     0.99900000
      1.0000000     -2.0000000      0.0000000      1.0000000      0.0000000      1.0000000
      1.0000000     -2.0000000      0.0000000      1.0000000      0.0000000      1.0000000
      1.0000000     -2.0000000      0.0000000      1.0000000      0.0000000      1.0000000
      1.0000000     -1.9960000    0.031936000     0.99900000   0.0019960000     0.99900000
      1.0000000     -1.9920000    0.063744000     0.95150000    0.012951000     0.99650000
      1.0000000     -1.9960000    0.031936000    -0.87600000   0.0079840000     0.99800000
      1.0000000     -1.9800000     0.15840000    -0.50850000    0.018831000     0.99350000
      1.0000000     -1.9860000     0.11121600     0.99350000    0.024831000     0.99350000
      1.0000000     -1.9920000    0.063744000    -0.24750000   0.0069750000     0.99750000
      1.0000000     -2.0000000      0.0000000      1.0000000      0.0000000      1.0000000
      1.0000000     -2.0000000      0.0000000      1.0000000      0.0000000      1.0000000
      1.0000000     -1.9920000    0.063744000     0.10150000   0.0069750000     0.99750000
      1.0000000     -2.0000000      0.0000000      1.0000000      0.0000000      1.0000000
      1.0000000     -1.9960000    0.031936000     0.99900000   0.0019960000     0.99900000
      1.0000000     -2.0000000      0.0000000      1.0000000      0.0000000      1.0000000
      1.0000000     -1.9940000    0.047856000    -0.28450000   0.0029910000     0.99850000
      1.0000000     -1.9960000    0.031936000    -0.97450000   0.0049910000     0.99850000
      1.0000000     -1.9960000    0.031936000     0.36400000   0.0019960000     0.99900000
      1.0000000     -2.0000000      0.0000000      1.0000000      0.0000000      1.0000000
      1.0000000     -1.9960000    0.031936000   -0.014500000   0.0049910000     0.99850000
      1.0000000     -2.0000000      0.0000000      1.0000000      0.0000000      1.0000000
      1.0000000     -1.9960000    0.031936000     0.99900000   0.0019960000     0.99900000
      1.0000000     -2.0000000      0.0000000      1.0000000      0.0000000      1.0000000
      1.0000000     -1.9940000    0.047856000     0.88500000   0.0059840000     0.99800000
      1.0000000     -2.0000000      0.0000000      1.0000000      0.0000000      1.0000000
      1.0000000     -2.0000000      0.0000000      1.0000000      0.0000000      1.0000000
      1.0000000     -1.9980000    0.015984000     0.99950000  0.00099900000     0.99950000
      1.0000000     -1.9900000    0.079600000     0.50600000   0.0079640000     0.99700000
      1.0000000     -1.9840000     0.12697600     0.99300000    0.019856000     0.99400000
      1.0000000     -2.0000000      0.0000000      1.0000000      0.0000000      1.0000000
      1.0000000     -1.9940000    0.047856000     0.99750000   0.0089750000     0.99750000
      1.0000000     -2.0000000      0.0000000      1.0000000      0.0000000      1.0000000
      1.0000000     -2.0000000      0.0000000      1.0000000      0.0000000      1.0000000
      1.0000000     -1.9940000    0.047856000     0.17450000   0.0029910000     0.99850000
      1.0000000     -2.0000000      0.0000000      1.0000000      0.0000000      1.0000000
      1.0000000     -2.0000000      0.0000000      1.0000000      0.0000000      1.0000000
      1.0000000     -2.0000000      0.0000000      1.0000000      0.0000000      1.0000000
      1.0000000     -1.9980000    0.015984000     0.99950000  0.00099900000     0.99950000
      1.0000000     -1.9880000    0.095424000    -0.46600000    0.011936000     0.99600000
      1.0000000     -1.9760000     0.18969600     0.99050000    0.026711000     0.99150000
      1.0000000     -2.0000000      0.0000000      1.0000000      0.0000000      1.0000000
      1.0000000     -1.9920000    0.063744000     0.99600000   0.0039840000     0.99800000
      1.0000000     -1.9820000     0.14270400    0.040000000    0.017856000     0.99400000
      1.0000000     -1.9960000    0.031936000     0.99850000   0.0049910000     0.99850000
      1.0000000     -2.0000000      0.0000000      1.0000000      0.0000000      1.0000000
      1.0000000     -2.0000000      0.0000000      1.0000000      0.0000000      1.0000000
      1.0000000     -1.9780000     0.17406400     0.99150000    0.028711000     0.99150000
      1.0000000     -2.0000000      0.0000000      1.0000000      0.0000000      1.0000000
      1.0000000     -2.0000000      0.0000000      1.0000000      0.0000000      1.0000000
      1.0000000     -2.0000000      0.0000000      1.0000000      0.0000000      1.0000000
      1.0000000     -1.9960000    0.031936000     0.99800000   0.0079840000     0.99800000
      1.0000000     -2.0000000      0.0000000      1.0000000      0.0000000      1.0000000
      1.0000000     -2.0000000      0.0000000      1.0000000      0.0000000      1.0000000
      1.0000000     -2.0000000      0.0000000      1.0000000      0.0000000      1.0000000
      1.0000000     -1.9980000    0.015984000     0.35650000  0.00099900000     0.99950000
      1.0000000     -1.9900000    0.079600000    -0.75350000    0.010951000     0.99650000
      1.0000000     -1.9940000    0.047856000     0.99800000   0.0059840000     0.99800000
      1.0000000     -2.0000000      0.0000000      1.0000000      0.0000000      1.0000000
      1.0000000     -2.0000000      0.0000000      1.0000000      0.0000000      1.0000000
      1.0000000     -1.9960000    0.031936000     0.13600000   0.0079840000     0.99800000
      1.0000000     -1.9980000    0.015984000     0.99950000  0.00099900000     0.99950000
      1.0000000     -1.9960000    0.031936000     0.99900000   0.0019960000     0.99900000
      1.0000000     -2.0000000      0.0000000    -0.24400000      0.0000000      1.0000000
      1.0000000     -1.9980000    0.015984000     0.99950000  0.00099900000     0.99950000
      1.0000000     -1.9920000    0.063744000   -0.089500000   0.0069750000     0.99750000
      1.0000000     -1.9960000    0.031936000     0.99800000   0.0079840000     0.99800000
      1.0000000     -1.9980000    0.015984000   -0.071500000  0.00099900000     0.99950000
      1.0000000     -1.9940000    0.047856000     0.99650000   0.0029910000     0.99850000
      1.0000000     -2.0000000      0.0000000      1.0000000      0.0000000      1.0000000
      1.0000000     -2.0000000      0.0000000      1.0000000      0.0000000      1.0000000
      1.0000000     -2.0000000      0.0000000      1.0000000      0.0000000      1.0000000
      1.0000000     -1.9980000    0.015984000     0.99950000  0.00099900000     0.99950000
      1.0000000     -2.0000000      0.0000000      1.0000000      0.0000000      1.0000000
      1.0000000     -1.9860000     0.11121600    -0.85300000   0.0099360000     0.99600000
      1.0000000     -1.9980000    0.015984000     0.99950000  0.00099900000     0.99950000
      1.0000000     -1.9880000    0.095424000     0.99450000    0.014919000     0.99550000
      1.0000000     -2.0000000      0.0000000      1.0000000      0.0000000      1.0000000
      1.0000000     -1.9960000    0.031936000     0.19050000   0.0049910000     0.99850000
      1.0000000     -1.9960000    0.031936000     0.23550000   0.0049910000     0.99850000
      1.0000000     -1.9960000    0.031936000     0.62000000   0.0079840000     0.99800000
      1.0000000     -2.0000000      0.0000000      1.0000000      0.0000000      1.0000000
      1.0000000     -2.0000000      0.0000000      1.0000000      0.0000000      1.0000000
      1.0000000     -2.0000000      0.0000000      1.0000000      0.0000000      1.0000000
      1.0000000     -2.0000000      0.0000000      1.0000000      0.0000000      1.0000000
      1.0000000     -2.0000000      0.0000000      1.0000000      0.0000000      1.0000000
      1.0000000     -1.9980000    0.015984000     0.99900000   0.0039960000     0.99900000
      1.0000000     -2.0000000      0.0000000      1.0000000      0.0000000      1.0000000
      1.0000000     -1.9980000    0.015984000     0.99950000  0.00099900000     0.99950000
      1.0000000     -2.0000000      0.0000000      1.0000000      0.0000000      1.0000000
      1.0000000     -1.9980000    0.015984000     0.84700000   0.0039960000     0.99900000
      1.0000000     -2.0000000      0.0000000      1.0000000      0.0000000      1.0000000
      1.0000000     -1.9960000    0.031936000     0.99750000   0.0049910000     0.99850000
      1.0000000     -2.0000000      0.0000000      1.0000000      0.0000000      1.0000000
      1.0000000     -1.9840000     0.12697600     0.49400000   0.0079360000     0.99600000
      1.0000000     -1.9980000    0.015984000     0.51950000  0.00099900000     0.99950000
      1.0000000     -1.9940000    0.047856000     0.99750000   0.0029910000     0.99850000
      1.0000000     -1.9980000    0.015984000     0.99950000  0.00099900000     0.99950000
      1.0000000     -1.9940000    0.047856000    -0.53100000   0.0059840000     0.99800000
      1.0000000     -1.9960000    0.031936000     0.99900000   0.0019960000     0.99900000
      1.0000000     -2.0000000      0.0000000      1.0000000      0.0000000      1.0000000
      1.0000000     -1.9900000    0.079600000    -0.60250000   0.0049750000     0.99750000
      1.0000000     -2.0000000      0.0000000      1.0000000      0.0000000      1.0000000
      1.0000000     -2.0000000      0.0000000      1.0000000      0.0000000      1.0000000
      1.0000000     -2.0000000      0.0000000      1.0000000      0.0000000      1.0000000
      1.0000000     -2.0000000      0.0000000      1.0000000      0.0000000      1.0000000
      1.0000000     -1.9920000    0.063744000    -0.37200000   0.0039840000     0.99800000
      1.0000000     -1.9940000    0.047856000     0.92800000   0.0059840000     0.99800000
      1.0000000     -2.0000000      0.0000000      1.0000000      0.0000000      1.0000000
      1.0000000     -1.9980000    0.015984000     0.99950000  0.00099900000     0.99950000
      1.0000000     -2.0000000      0.0000000      1.0000000      0.0000000      1.0000000
      1.0000000     -1.9880000    0.095424000    -0.59450000    0.014919000     0.99550000
      1.0000000     -1.9880000    0.095424000     0.99650000   0.0089510000     0.99650000
      1.0000000     -1.9940000    0.047856000     0.56800000   0.0059840000     0.99800000
      1.0000000     -2.0000000      0.0000000      1.0000000      0.0000000      1.0000000
      1.0000000     -1.9960000    0.031936000    -0.34600000   0.0079840000     0.99800000
      1.0000000     -1.9940000    0.047856000     0.99750000   0.0089750000     0.99750000
      1.0000000     -2.0000000      0.0000000      1.0000000      0.0000000      1.0000000
      1.0000000     -2.0000000      0.0000000     0.43800000      0.0000000      1.0000000
      1.0000000     -1.9980000    0.015984000     0.99950000  0.00099900000     0.99950000
      1.0000000     -1.9960000    0.031936000     0.99900000   0.0019960000     0.99900000
      1.0000000     -2.0000000      0.0000000      1.0000000      0.0000000      1.0000000
      1.0000000     -1.9940000    0.047856000     0.99700000   0.0059840000     0.99800000
      1.0000000     -1.9960000    0.031936000     0.22000000   0.0019960000     0.99900000
      1.0000000     -2.0000000      0.0000000      1.0000000      0.0000000      1.0000000
      1.0000000     -1.9980000    0.015984000     0.99950000  0.00099900000     0.99950000
      1.0000000     -1.9900000    0.079600000    -0.12000000   0.0079640000     0.99700000
      1.0000000     -2.0000000      0.0000000      1.0000000      0.0000000      1.0000000
      1.0000000     -2.0000000      0.0000000      1.0000000      0.0000000      1.0000000
      1.0000000     -1.9980000    0.015984000     0.99950000  0.00099900000     0.99950000
      1.0000000     -2.0000000      0.0000000      1.0000000      0.0000000      1.0000000
      1.0000000     -1.9980000    0.015984000     0.28850000  0.00099900000     0.99950000
      1.0000000     -1.9960000    0.031936000     0.99800000   0.0019960000     0.99900000
      1.0000000     -2.0000000      0.0000000      1.0000000      0.0000000      1.0000000
      1.0000000     -1.9940000    0.047856000    -0.84600000   0.0059840000     0.99800000
      1.0000000     -1.9880000    0.095424000    -0.91250000    0.014919000     0.99550000
      1.0000000     -2.0000000      0.0000000      1.0000000      0.0000000      1.0000000
      1.0000000     -2.0000000      0.0000000      1.0000000      0.0000000      1.0000000
      1.0000000     -1.9840000     0.12697600     0.96550000    0.016879000     0.99450000
      1.0000000     -1.9940000    0.047856000     0.66800000   0.0059840000     0.99800000
      1.0000000     -2.0000000      0.0000000     0.15200000      0.0000000      1.0000000
      1.0000000     -1.9980000    0.015984000     0.99950000  0.00099900000     0.99950000
      1.0000000     -2.0000000      0.0000000      1.0000000      0.0000000      1.0000000
      1.0000000     -1.9980000    0.015984000     0.99950000  0.00099900000     0.99950000
      1.0000000     -2.0000000      0.0000000      1.0000000      0.0000000      1.0000000
      1.0000000     -1.9880000    0.095424000    -0.82950000    0.014919000     0.99550000
      1.0000000     -1.9980000    0.015984000     0.99950000  0.00099900000     0.99950000
      1.0000000     -2.0000000      0.0000000      1.0000000      0.0000000      1.0000000
      1.0000000     -1.9960000    0.031936000     0.70300000   0.0019960000     0.99900000
      1.0000000     -1.9980000    0.015984000     0.99950000  0.00099900000     0.99950000
      1.0000000     -2.0000000      0.0000000      1.0000000      0.0000000      1.0000000
      1.0000000     -2.0000000      0.0000000      1.0000000      0.0000000      1.0000000
      1.0000000     -1.9980000    0.015984000    -0.96450000  0.00099900000     0.99950000
      1.0000000     -1.9920000    0.063744000    -0.62500000   0.0099640000     0.99700000
      1.0000000     -1.9920000    0.063744000     0.99650000   0.0069750000     0.99750000
      1.0000000     -2.0000000      0.0000000      1.0000000      0.0000000      1.0000000
      1.0000000     -2.0000000      0.0000000     0.98800000      0.0000000      1.0000000
      1.0000000     -1.9980000    0.015984000     0.99900000   0.0039960000     0.99900000
      1.0000000     -2.0000000      0.0000000      1.0000000      0.0000000      1.0000000
      1.0000000     -2.0000000      0.0000000      1.0000000      0.0000000      1.0000000
      1.0000000     -1.9980000    0.015984000     0.99900000   0.0039960000     0.99900000
      1.0000000     -1.9940000    0.047856000    -0.45150000   0.0089750000     0.99750000
      1.0000000     -2.0000000      0.0000000      1.0000000      0.0000000      1.0000000
      1.0000000     -2.0000000      0.0000000      1.0000000      0.0000000      1.0000000
      1.0000000     -1.9980000    0.015984000     0.99950000  0.00099900000     0.99950000
      1.0000000     -1.9980000    0.015984000     0.99900000   0.0039960000     0.99900000
      1.0000000     -1.9980000    0.015984000     0.85250000  0.00099900000     0.99950000
      1.0000000     -1.9940000    0.047856000    -0.78300000   0.0059840000     0.99800000
      1.0000000     -1.9840000     0.12697600     0.93950000    0.010919000     0.99550000
      1.0000000     -1.9940000    0.047856000     0.99750000   0.0029910000     0.99850000
      1.0000000     -2.0000000      0.0000000     0.64200000      0.0000000      1.0000000
      1.0000000     -1.9920000    0.063744000     0.14050000   0.0069750000     0.99750000
      1.0000000     -1.9920000    0.063744000     0.99650000   0.0069750000     0.99750000
      1.0000000     -2.0000000      0.0000000      1.0000000      0.0000000      1.0000000
      1.0000000     -2.0000000      0.0000000      1.0000000      0.0000000      1.0000000
      1.0000000     -1.9980000    0.015984000     0.47650000  0.00099900000     0.99950000
      1.0000000     -2.0000000      0.0000000      1.0000000      0.0000000      1.0000000
      1.0000000     -2.0000000      0.0000000      1.0000000      0.0000000      1.0000000
      1.0000000     -1.9760000     0.18969600     0.41800000    0.017804000     0.99300000
      1.0000000     -1.9940000    0.047856000    -0.86450000   0.0029910000     0.99850000
      1.0000000     -2.0000000      0.0000000      1.0000000      0.0000000      1.0000000
      1.0000000     -1.9840000     0.12697600     0.42350000    0.016879000     0.99450000
      1.0000000     -1.9960000    0.031936000    0.069000000   0.0019960000     0.99900000
      1.0000000     -1.9980000    0.015984000    -0.42550000  0.00099900000     0.99950000
      1.0000000     -1.9980000    0.015984000     0.99950000  0.00099900000     0.99950000
      1.0000000     -2.0000000      0.0000000      1.0000000      0.0000000      1.0000000
      1.0000000     -2.0000000      0.0000000      1.0000000      0.0000000      1.0000000
      1.0000000     -1.9980000    0.015984000     0.99950000  0.00099900000     0.99950000
      1.0000000     -2.0000000      0.0000000      1.0000000      0.0000000      1.0000000
      1.0000000     -1.9880000    0.095424000     0.99550000   0.0089510000     0.99650000
      1.0000000     -1.9980000    0.015984000     0.99950000  0.00099900000     0.99950000
      1.0000000     -2.0000000      0.0000000      1.0000000      0.0000000      1.0000000
      1.0000000     -1.9980000    0.015984000    -0.67050000  0.00099900000     0.99950000
      1.0000000     -1.9900000    0.079600000     0.22250000   0.0049750000     0.99750000
      1.0000000     -1.9960000    0.031936000    0.082000000   0.0079840000     0.99800000
      1.0000000     -1.9940000    0.047856000    -0.19300000   0.0059840000     0.99800000
      1.0000000     -2.0000000      0.0000000      1.0000000      0.0000000      1.0000000
      1.0000000     -1.9940000    0.047856000    -0.31000000   0.0059840000     0.99800000
      1.0000000     -1.9980000    0.015984000     0.99950000  0.00099900000     0.99950000
      1.0000000     -2.0000000      0.0000000      1.0000000      0.0000000      1.0000000
      1.0000000     -1.9880000    0.095424000    -0.85800000    0.011936000     0.99600000
      1.0000000     -1.9880000    0.095424000     0.41300000    0.011936000     0.99600000
      1.0000000     -1.9940000    0.047856000     0.99650000   0.0089750000     0.99750000
      1.0000000     -1.9960000    0.031936000     0.46350000   0.0049910000     0.99850000
      1.0000000     -1.9960000    0.031936000     0.20400000   0.0019960000     0.99900000
      1.0000000     -1.9980000    0.015984000     0.99950000  0.00099900000     0.99950000
      1.0000000     -1.9900000    0.079600000     0.99650000    0.010951000     0.99650000
      1.0000000     -2.0000000      0.0000000      1.0000000      0.0000000      1.0000000
      1.0000000     -1.9960000    0.031936000   -0.018500000   0.0049910000     0.99850000
      1.0000000     -1.9920000    0.063744000     0.57200000   0.0039840000     0.99800000
      1.0000000     -1.9980000    0.015984000    -0.53500000   0.0039960000     0.99900000
      1.0000000     -2.0000000      0.0000000      1.0000000      0.0000000      1.0000000
      1.0000000     -1.9980000    0.015984000     0.99900000   0.0039960000     0.99900000
      1.0000000     -1.9980000    0.015984000   -0.069000000   0.0039960000     0.99900000
      1.0000000     -1.9960000    0.031936000    -0.29700000   0.0019960000     0.99900000
      1.0000000     -2.0000000      0.0000000      1.0000000      0.0000000      1.0000000
      1.0000000     -2.0000000      0.0000000      1.0000000      0.0000000      1.0000000
      1.0000000     -1.9960000    0.031936000    -0.28250000   0.0049910000     0.99850000
      1.0000000     -1.9940000    0.047856000     0.99850000   0.0029910000     0.99850000
      1.0000000     -1.9980000    0.015984000     0.99950000  0.00099900000     0.99950000
      1.0000000     -1.9900000    0.079600000     0.99600000   0.0079640000     0.99700000
      1.0000000     -2.0000000      0.0000000      1.0000000      0.0000000      1.0000000
      1.0000000     -1.9940000    0.047856000     0.99800000   0.0059840000     0.99800000
      1.0000000     -1.9960000    0.031936000     0.15350000   0.0049910000     0.99850000
      1.0000000     -1.9940000    0.047856000     0.99700000   0.0059840000     0.99800000
      1.0000000     -1.9920000    0.063744000    -0.47800000   0.0099640000     0.99700000
      1.0000000     -2.0000000      0.0000000      1.0000000      0.0000000      1.0000000
      1.0000000     -1.9960000    0.031936000     0.99900000   0.0019960000     0.99900000
      1.0000000     -1.9920000    0.063744000     0.80300000   0.0099640000     0.99700000
      1.0000000     -1.9960000    0.031936000     0.93400000   0.0079840000     0.99800000
      1.0000000     -2.0000000      0.0000000      1.0000000      0.0000000      1.0000000
      1.0000000     -1.9940000    0.047856000     0.49700000   0.0059840000     0.99800000
      1.0000000     -1.9980000    0.015984000     0.99950000  0.00099900000     0.99950000
      1.0000000     -1.9980000    0.015984000    -0.13850000  0.00099900000     0.99950000
      1.0000000     -1.9880000    0.095424000     0.99400000    0.011936000     0.99600000
      1.0000000     -2.0000000      0.0000000      1.0000000      0.0000000      1.0000000
      1.0000000     -1.9940000    0.047856000     0.91850000   0.0089750000     0.99750000
      1.0000000     -2.0000000      0.0000000      1.0000000      0.0000000      1.0000000
      1.0000000     -2.0000000      0.0000000      1.0000000      0.0000000      1.0000000
      1.0000000     -2.0000000      0.0000000      1.0000000      0.0000000      1.0000000
      1.0000000     -1.9960000    0.031936000     0.82900000   0.0019960000     0.99900000
      1.0000000     -1.9960000    0.031936000     0.82600000   0.0019960000     0.99900000
      1.0000000     -2.0000000      0.0000000      1.0000000      0.0000000      1.0000000
      1.0000000     -2.0000000      0.0000000      1.0000000      0.0000000      1.0000000
      1.0000000     -1.9900000    0.079600000     0.24950000    0.010951000     0.99650000
      1.0000000     -1.9960000    0.031936000     0.99850000   0.0049910000     0.99850000
      1.0000000     -2.0000000      0.0000000      1.0000000      0.0000000      1.0000000
      1.0000000     -1.9920000    0.063744000    -0.50200000    0.015936000     0.99600000
      1.0000000     -1.9940000    0.047856000    -0.97450000   0.0089750000     0.99750000
      1.0000000     -1.9980000    0.015984000     0.99900000   0.0039960000     0.99900000
      1.0000000     -2.0000000      0.0000000      1.0000000      0.0000000      1.0000000
      1.0000000     -2.0000000      0.0000000      1.0000000      0.0000000      1.0000000
      1.0000000     -1.9920000    0.063744000     0.99750000   0.0069750000     0.99750000
      1.0000000     -1.9960000    0.031936000    -0.38700000   0.0019960000     0.99900000
      1.0000000     -1.9820000     0.14270400    -0.79050000    0.014879000     0.99450000
      1.0000000     -2.0000000      0.0000000      1.0000000      0.0000000      1.0000000
      1.0000000     -2.0000000      0.0000000      1.0000000      0.0000000      1.0000000
      1.0000000     -1.9980000    0.015984000    -0.46700000   0.0039960000     0.99900000
      1.0000000     -1.9960000    0.031936000     0.64650000   0.0049910000     0.99850000
      1.0000000     -1.9960000    0.031936000     0.99900000   0.0019960000     0.99900000
      1.0000000     -2.0000000      0.0000000      1.0000000      0.0000000      1.0000000
      1.0000000     -1.9940000    0.047856000     0.14100000   0.0059840000     0.99800000
      1.0000000     -1.9880000    0.095424000     0.99450000   0.0089510000     0.99650000
      1.0000000     -1.9920000    0.063744000    0.071000000   0.0039840000     0.99800000
      1.0000000     -2.0000000      0.0000000      1.0000000      0.0000000      1.0000000
      1.0000000     -1.9880000    0.095424000     0.99500000    0.011936000     0.99600000
      1.0000000     -2.0000000      0.0000000      1.0000000      0.0000000      1.0000000
      1.0000000     -1.9940000    0.047856000     0.53950000   0.0029910000     0.99850000
      1.0000000     -1.9900000    0.079600000     0.92700000   0.0079640000     0.99700000
      1.0000000     -1.9940000    0.047856000     0.87600000   0.0059840000     0.99800000
      1.0000000     -2.0000000      0.0000000     0.55400000      0.0000000      1.0000000
      1.0000000     -1.9980000    0.015984000     0.99950000  0.00099900000     0.99950000
      1.0000000     -1.9900000    0.079600000     0.53850000    0.010951000     0.99650000
      1.0000000     -2.0000000      0.0000000      1.0000000      0.0000000      1.0000000
      1.0000000     -1.9940000    0.047856000     0.13350000   0.0029910000     0.99850000
      1.0000000     -1.9980000    0.015984000     0.99950000  0.00099900000     0.99950000
      1.0000000     -2.0000000      0.0000000      1.0000000      0.0000000      1.0000000
      1.0000000     -2.0000000      0.0000000      1.0000000      0.0000000      1.0000000
      1.0000000     -1.9980000    0.015984000     0.99900000   0.0039960000     0.99900000
      1.0000000     -2.0000000      0.0000000      1.0000000      0.0000000      1.0000000
      1.0000000     -2.0000000      0.0000000      1.0000000      0.0000000      1.0000000
      1.0000000     -1.9920000    0.063744000     0.48300000   0.0039840000     0.99800000
      1.0000000     -1.9980000    0.015984000     0.99950000  0.00099900000     0.99950000
      1.0000000     -1.9980000    0.015984000     0.99900000   0.0039960000     0.99900000
      1.0000000     -1.9980000    0.015984000     0.99950000  0.00099900000     0.99950000
      1.0000000     -1.9900000    0.079600000    -0.13750000    0.010951000     0.99650000
      1.0000000     -2.0000000      0.0000000      1.0000000      0.0000000      1.0000000
      1.0000000     -1.9980000    0.015984000     0.99900000   0.0039960000     0.99900000
      1.0000000     -1.9840000     0.12697600     0.99450000    0.010919000     0.99550000
      1.0000000     -1.9900000    0.079600000     0.65200000   0.0079640000     0.99700000
      1.0000000     -2.0000000      0.0000000      1.0000000      0.0000000      1.0000000
      1.0000000     -1.9880000    0.095424000     0.98000000    0.011936000     0.99600000
      1.0000000     -2.0000000      0.0000000      1.0000000      0.0000000      1.0000000
      1.0000000     -2.0000000      0.0000000      1.0000000      0.0000000      1.0000000
      1.0000000     -1.9960000    0.031936000     0.30450000   0.0049910000     0.99850000
      1.0000000     -1.9900000    0.079600000     0.99700000   0.0079640000     0.99700000
      1.0000000     -1.9980000    0.015984000     0.99900000   0.0039960000     0.99900000
      1.0000000     -1.9960000    0.031936000    -0.51750000   0.0049910000     0.99850000
      1.0000000     -1.9920000    0.063744000    -0.55650000   0.0069750000     0.99750000
      1.0000000     -1.9940000    0.047856000     0.99700000   0.0059840000     0.99800000
      1.0000000     -2.0000000      0.0000000      1.0000000      0.0000000      1.0000000
      1.0000000     -1.9960000    0.031936000     0.12450000   0.0049910000     0.99850000
      1.0000000     -1.9920000    0.063744000     0.99600000   0.0099640000     0.99700000
      1.0000000     -2.0000000      0.0000000      1.0000000      0.0000000      1.0000000
      1.0000000     -1.9960000    0.031936000    -0.16950000   0.0049910000     0.99850000
      1.0000000     -1.9960000    0.031936000     0.99850000   0.0049910000     0.99850000
      1.0000000     -2.0000000      0.0000000      1.0000000      0.0000000      1.0000000
      1.0000000     -1.9940000    0.047856000     0.99750000   0.0029910000     0.99850000
      1.0000000     -1.9840000     0.12697600     0.57250000    0.016879000     0.99450000
      1.0000000     -1.9980000    0.015984000    -0.88500000   0.0039960000     0.99900000
      1.0000000     -2.0000000      0.0000000      1.0000000      0.0000000      1.0000000
      1.0000000     -2.0000000      0.0000000      1.0000000      0.0000000      1.0000000
      1.0000000     -1.9800000     0.15840000    -0.12200000    0.015856000     0.99400000
      1.0000000     -1.9980000    0.015984000    -0.99850000  0.00099900000     0.99950000
      1.0000000     -1.9940000    0.047856000     0.99650000   0.0029910000     0.99850000
      1.0000000     -1.9900000    0.079600000    0.092500000    0.010951000     0.99650000
      1.0000000     -1.9980000    0.015984000    -0.98100000   0.0039960000     0.99900000
      1.0000000     -1.9940000    0.047856000    -0.81200000   0.0059840000     0.99800000
      1.0000000     -2.0000000      0.0000000      1.0000000      0.0000000      1.0000000
      1.0000000     -2.0000000      0.0000000      1.0000000      0.0000000      1.0000000
      1.0000000     -1.9980000    0.015984000     0.99900000   0.0039960000     0.99900000
      1.0000000     -1.9960000    0.031936000     0.48200000   0.0019960000     0.99900000
      1.0000000     -2.0000000      0.0000000      1.0000000      0.0000000      1.0000000
      1.0000000     -1.9960000    0.031936000    0.031500000   0.0049910000     0.99850000
      1.0000000     -2.0000000      0.0000000      1.0000000      0.0000000      1.0000000
      1.0000000     -1.9980000    0.015984000    -0.38150000  0.00099900000     0.99950000
      1.0000000     -2.0000000      0.0000000      1.0000000      0.0000000      1.0000000
      1.0000000     -1.9960000    0.031936000     0.88900000   0.0019960000     0.99900000
      1.0000000     -2.0000000      0.0000000      1.0000000      0.0000000      1.0000000
      1.0000000     -1.9980000    0.015984000     0.99950000  0.00099900000     0.99950000
      1.0000000     -1.9940000    0.047856000     0.87350000   0.0029910000     0.99850000
      1.0000000     -2.0000000      0.0000000      1.0000000      0.0000000      1.0000000
      1.0000000     -1.9960000    0.031936000    0.024000000   0.0079840000     0.99800000
      1.0000000     -2.0000000      0.0000000      1.0000000      0.0000000      1.0000000
      1.0000000     -1.9880000    0.095424000     0.99400000    0.011936000     0.99600000
      1.0000000     -1.9940000    0.047856000     0.99750000   0.0029910000     0.99850000
      1.0000000     -1.9960000    0.031936000    0.015500000   0.0049910000     0.99850000
      1.0000000     -1.9760000     0.18969600     0.52150000    0.020775000     0.99250000
      1.0000000     -1.9960000    0.031936000     0.99900000   0.0019960000     0.99900000
      1.0000000     -2.0000000      0.0000000      1.0000000      0.0000000      1.0000000
      1.0000000     -1.9960000    0.031936000    -0.33950000   0.0049910000     0.99850000
      1.0000000     -1.9960000    0.031936000    -0.54200000   0.0019960000     0.99900000
      1.0000000     -1.9980000    0.015984000     0.99950000  0.00099900000     0.99950000
      1.0000000     -1.9980000    0.015984000     0.99950000  0.00099900000     0.99950000
      1.0000000     -1.9960000    0.031936000     0.99850000   0.0049910000     0.99850000
      1.0000000     -2.0000000      0.0000000      1.0000000      0.0000000      1.0000000
      1.0000000     -2.0000000      0.0000000    -0.88200000      0.0000000      1.0000000
      1.0000000     -2.0000000      0.0000000      1.0000000      0.0000000      1.0000000
      1.0000000     -2.0000000      0.0000000      1.0000000      0.0000000      1.0000000
      1.0000000     -1.9980000    0.015984000     0.99950000  0.00099900000     0.99950000
      1.0000000     -2.0000000      0.0000000      1.0000000      0.0000000      1.0000000
      1.0000000     -1.9960000    0.031936000    -0.32450000   0.0049910000     0.99850000
      1.0000000     -1.9860000     0.11121600     0.12050000    0.018879000     0.99450000
      1.0000000     -2.0000000      0.0000000      1.0000000      0.0000000      1.0000000
      1.0000000     -1.9920000    0.063744000     0.99650000    0.012951000     0.99650000
      1.0000000     -2.0000000      0.0000000      1.0000000      0.0000000      1.0000000
      1.0000000     -1.9960000    0.031936000     0.99900000   0.0019960000     0.99900000
      1.0000000     -1.9920000    0.063744000     0.50400000   0.0099640000     0.99700000
      1.0000000     -1.9980000    0.015984000     0.99950000  0.00099900000     0.99950000
      1.0000000     -1.9980000    0.015984000     0.99950000  0.00099900000     0.99950000
      1.0000000     -1.9920000    0.063744000    0.058000000   0.0099640000     0.99700000
      1.0000000     -1.9960000    0.031936000     0.99900000   0.0019960000     0.99900000
      1.0000000     -1.9920000    0.063744000    -0.22300000   0.0099640000     0.99700000
      1.0000000     -2.0000000      0.0000000      1.0000000      0.0000000      1.0000000
      1.0000000     -1.9940000    0.047856000    -0.41300000   0.0059840000     0.99800000
      1.0000000     -2.0000000      0.0000000      1.0000000      0.0000000      1.0000000
      1.0000000     -1.9880000    0.095424000    -0.11750000    0.020879000     0.99450000
      1.0000000     -1.9880000    0.095424000    -0.25500000    0.011936000     0.99600000
      1.0000000     -1.9980000    0.015984000    -0.69850000  0.00099900000     0.99950000
      1.0000000     -2.0000000      0.0000000      1.0000000      0.0000000      1.0000000
      1.0000000     -1.9980000    0.015984000     0.99950000  0.00099900000     0.99950000
      1.0000000     -1.9920000    0.063744000   -0.076500000   0.0069750000     0.99750000
      1.0000000     -2.0000000      0.0000000      1.0000000      0.0000000      1.0000000
      1.0000000     -2.0000000      0.0000000      1.0000000      0.0000000      1.0000000
      1.0000000     -1.9960000    0.031936000     0.37600000   0.0019960000     0.99900000
      1.0000000     -1.9860000     0.11121600   -0.072500000    0.012919000     0.99550000
      1.0000000     -1.9920000    0.063744000    -0.83650000   0.0069750000     0.99750000
      1.0000000     -2.0000000      0.0000000      1.0000000      0.0000000      1.0000000
      1.0000000     -2.0000000      0.0000000      1.0000000      0.0000000      1.0000000
      1.0000000     -1.9980000    0.015984000     0.99700000   0.0039960000     0.99900000
      1.0000000     -1.9980000    0.015984000     0.99900000   0.0039960000     0.99900000
      1.0000000     -2.0000000      0.0000000      1.0000000      0.0000000      1.0000000
      1.0000000     -1.9980000    0.015984000     0.55900000   0.0039960000     0.99900000
      1.0000000     -1.9980000    0.015984000     0.99900000   0.0039960000     0.99900000
      1.0000000     -1.9960000    0.031936000     0.99900000   0.0019960000     0.99900000
      1.0000000     -2.0000000      0.0000000      1.0000000      0.0000000      1.0000000
      1.0000000     -2.0000000      0.0000000      1.0000000      0.0000000      1.0000000
      1.0000000     -1.9940000    0.047856000     0.34750000   0.0089750000     0.99750000
      1.0000000     -2.0000000      0.0000000      1.0000000      0.0000000      1.0000000
      1.0000000     -2.0000000      0.0000000    -0.57400000      0.0000000      1.0000000
      1.0000000     -1.9960000    0.031936000     0.30550000   0.0049910000     0.99850000
      1.0000000     -1.9980000    0.015984000    -0.43950000  0.00099900000     0.99950000
      1.0000000     -1.9980000    0.015984000    -0.51050000  0.00099900000     0.99950000
      1.0000000     -1.9980000    0.015984000     0.99950000  0.00099900000     0.99950000
      1.0000000     -1.9860000     0.11121600     0.60300000    0.015900000     0.99500000
      1.0000000     -2.0000000      0.0000000      1.0000000      0.0000000      1.0000000
      1.0000000     -1.9920000    0.063744000    -0.13750000    0.012951000     0.99650000
      1.0000000     -2.0000000      0.0000000      1.0000000      0.0000000      1.0000000
      1.0000000     -1.9960000    0.031936000     0.99800000   0.0079840000     0.99800000
      1.0000000     -1.9980000    0.015984000     0.99950000  0.00099900000     0.99950000
      1.0000000     -1.9980000    0.015984000     0.23750000  0.00099900000     0.99950000
      1.0000000     -1.9900000    0.079600000     0.58500000   0.0079640000     0.99700000
      1.0000000     -2.0000000      0.0000000      1.0000000      0.0000000      1.0000000
      1.0000000     -2.0000000      0.0000000      1.0000000      0.0000000      1.0000000
      1.0000000     -2.0000000      0.0000000      1.0000000      0.0000000      1.0000000
      1.0000000     -1.9940000    0.047856000     0.99750000   0.0089750000     0.99750000
      1.0000000     -1.9940000    0.047856000     0.69400000   0.0059840000     0.99800000
      1.0000000     -1.9960000    0.031936000    -0.21150000   0.0049910000     0.99850000
      1.0000000     -1.9960000    0.031936000     0.99900000   0.0019960000     0.99900000
      1.0000000     -1.9900000    0.079600000     0.99550000    0.010951000     0.99650000
      1.0000000     -1.9840000     0.12697600     0.13200000    0.019856000     0.99400000
      1.0000000     -1.9960000    0.031936000     0.66600000   0.0019960000     0.99900000
      1.0000000     -1.9980000    0.015984000     0.74900000   0.0039960000     0.99900000
      1.0000000     -1.9900000    0.079600000    -0.21350000    0.016919000     0.99550000
