   Temperature:        Energy:            Cv: Magnetization:       Chi (X):|Magnetization|:
      1.0000000     -1.9961400    0.030820402   0.0082450000   0.0039631879     0.99869500
      1.0000000     -1.9962000    0.030342240    -0.11542000   0.0036338496     0.99876000
      1.0000000     -1.9962600    0.029864050  -0.0086400000   0.0039933436     0.99871000
      1.0000000     -1.9972000    0.022368640    -0.22967000   0.0028364656     0.99906000
      1.0000000     -1.9950400    0.039581594    -0.15361500   0.0051386431     0.99831500
      1.0000000     -1.9959800    0.032095358    0.072585000   0.0038630831     0.99868500
      1.0000000     -1.9960400    0.031617274     0.28174000   0.0037134464     0.99872000
      1.0000000     -1.9963200    0.029385830    -0.25652500   0.0039035991     0.99873500
      1.0000000     -1.9959400    0.032414066    -0.10759000   0.0037931356     0.99869000
      1.0000000     -1.9954000    0.036715360   -0.043870000   0.0045706364     0.99847000
      1.0000000     -1.9964400    0.028429306   -0.082665000   0.0034245711     0.99883500
      1.0000000     -1.9966600    0.026675378     0.19753500   0.0032252039     0.99890500
      1.0000000     -1.9955800    0.035281854   -0.034255000   0.0046608191     0.99848500
      1.0000000     -1.9954600    0.036237554    0.034240000   0.0043312384     0.99852000
      1.0000000     -1.9961600    0.030661018     0.12364500   0.0042227639     0.99865500
      1.0000000     -1.9959400    0.032414066    -0.10017000   0.0038530304     0.99868000
      1.0000000     -1.9962600    0.029864050     0.23073500   0.0037836999     0.99874500
      1.0000000     -1.9959600    0.032254714     0.21698000   0.0040527100     0.99865000
      1.0000000     -1.9956000    0.035122560     0.10462500   0.0040819911     0.99858500
      1.0000000     -1.9959600    0.032254714     0.24368000   0.0036334464     0.99872000
      1.0000000     -1.9955400    0.035600434     0.15367000   0.0042914736     0.99854000
      1.0000000     -1.9954600    0.036237554     0.12660500   0.0044210599     0.99850500
      1.0000000     -1.9958400    0.033210778   0.0036800000   0.0047112384     0.99852000
      1.0000000     -1.9961800    0.030501630   -0.090580000   0.0043924924     0.99863000
      1.0000000     -1.9952400    0.037989370   -0.093785000   0.0047399511     0.99841500
      1.0000000     -1.9947200    0.042128486   -0.029325000   0.0051778199     0.99825500
      1.0000000     -1.9962600    0.029864050    0.021505000   0.0039633951     0.99871500
      1.0000000     -1.9956400    0.034803962   -0.032170000   0.0043914736     0.99854000
      1.0000000     -1.9963200    0.029385830     0.10930500   0.0037238991     0.99876500
      1.0000000     -1.9966000    0.027153760    -0.11241500   0.0034048471     0.99886500
      1.0000000     -1.9957200    0.034166726     0.14613500   0.0048008191     0.99848500
      1.0000000     -1.9956800    0.034485350    -0.14255500   0.0045212975     0.99852500
      1.0000000     -1.9961400    0.030820402    -0.26458500   0.0037834975     0.99872500
      1.0000000     -1.9961000    0.031139160     0.22083000   0.0038932400     0.99870000
      1.0000000     -1.9960400    0.031617274   0.0036300000   0.0035337500     0.99875000
      1.0000000     -1.9960800    0.031298534    -0.18377500   0.0038432919     0.99870500
      1.0000000     -1.9960800    0.031298534    0.072085000   0.0040229775     0.99867500
      1.0000000     -1.9956800    0.034485350    0.081975000   0.0041021039     0.99859500
      1.0000000     -1.9965600    0.027472666    0.042550000   0.0033348924     0.99887000
      1.0000000     -1.9959800    0.032095358     0.11491000   0.0038930304     0.99868000
      1.0000000     -1.9961400    0.030820402     0.20798500   0.0040829775     0.99867500
      1.0000000     -1.9962400    0.030023450     0.25267000   0.0039733436     0.99871000
      1.0000000     -1.9962600    0.029864050   0.0070300000   0.0038136496     0.99874000
      1.0000000     -1.9959400    0.032414066   0.0034800000   0.0036733436     0.99871000
      1.0000000     -1.9963200    0.029385830    -0.19346500   0.0035441919     0.99879500
      1.0000000     -1.9957000    0.034326040   -0.056295000   0.0046011791     0.99851500
      1.0000000     -1.9961200    0.030979782     0.17001500   0.0038832919     0.99870500
      1.0000000     -1.9957200    0.034166726    -0.17153000   0.0039923824     0.99862000
      1.0000000     -1.9961400    0.030820402    0.048445000   0.0037834975     0.99872500
      1.0000000     -1.9954600    0.036237554     0.13733000   0.0043312384     0.99852000
      1.0000000     -1.9961000    0.031139160   -0.088645000   0.0039830831     0.99868500
      1.0000000     -1.9965400    0.027632114    0.050415000   0.0034646639     0.99884500
      1.0000000     -1.9966000    0.027153760   -0.034340000   0.0033149824     0.99888000
      1.0000000     -1.9956400    0.034803962   -0.056460000   0.0041519344     0.99858000
      1.0000000     -1.9952400    0.037989370    -0.30116500   0.0053985079     0.99830500
      1.0000000     -1.9957600    0.033848090    0.037190000   0.0041521600     0.99860000
      1.0000000     -1.9965600    0.027472666    -0.11712000   0.0033348924     0.99887000
      1.0000000     -1.9964600    0.028269874     0.25628000   0.0034745244     0.99883000
      1.0000000     -1.9960800    0.031298534   -0.055365000   0.0039630831     0.99868500
      1.0000000     -1.9959800    0.032095358    -0.27112500   0.0039229775     0.99867500
      1.0000000     -1.9962400    0.030023450    -0.16812000   0.0037337500     0.99875000
      1.0000000     -1.9959400    0.032414066    -0.21400000   0.0043321600     0.99860000
      1.0000000     -1.9959000    0.032732760   0.0064950000   0.0040825471     0.99863500
      1.0000000     -1.9964000    0.028748160    -0.25882000   0.0035343356     0.99881000
      1.0000000     -1.9956800    0.034485350     0.18618500   0.0044614151     0.99853500
      1.0000000     -1.9960600    0.031457906     0.12024500   0.0037034975     0.99872500
      1.0000000     -1.9962400    0.030023450   -0.013480000   0.0036139484     0.99877000
      1.0000000     -1.9953200    0.037352390   -0.068295000   0.0045205751     0.99846500
      1.0000000     -1.9961200    0.030979782  -0.0030250000   0.0037035991     0.99873500
      1.0000000     -1.9967600    0.025878010    -0.29960000   0.0028758384     0.99898000
      1.0000000     -1.9951400    0.038785522     0.10559000   0.0051488444     0.99833000
      1.0000000     -1.9957800    0.033688766    -0.10040500   0.0040823271     0.99861500
      1.0000000     -1.9961200    0.030979782   -0.045160000   0.0036137500     0.99875000
      1.0000000     -1.9968400    0.025240058     0.30395000   0.0030756736     0.99896000
      1.0000000     -1.9955800    0.035281854     0.29064000   0.0045111196     0.99851000
      1.0000000     -1.9965200    0.027791558     0.11509000   0.0036543356     0.99881000
      1.0000000     -1.9955200    0.035759718    0.054810000   0.0048103900     0.99845000
      1.0000000     -1.9968000    0.025559040    0.084300000   0.0034550716     0.99889000
      1.0000000     -1.9967000    0.026356440  -0.0069300000   0.0029955900     0.99895000
      1.0000000     -1.9960600    0.031457906    -0.17971500   0.0041227639     0.99865500
      1.0000000     -1.9964400    0.028110438   -0.025400000   0.0034745244     0.99883000
      1.0000000     -1.9964000    0.028748160    -0.11106000   0.0033546176     0.99884000
      1.0000000     -1.9966200    0.026994302    0.027180000   0.0033948924     0.99887000
      1.0000000     -1.9951600    0.038626298     0.10018500   0.0050191759     0.99835500
      1.0000000     -1.9964800    0.028110438    0.028515000   0.0035843831     0.99881500
      1.0000000     -1.9958400    0.033210778   0.0070450000   0.0038428711     0.99866500
      1.0000000     -1.9954600    0.036237554    0.057520000   0.0048102656     0.99844000
      1.0000000     -1.9950000    0.039900000    -0.10078000   0.0049489776     0.99834000
      1.0000000     -1.9959800    0.032095358     0.18483500   0.0039828711     0.99866500
      1.0000000     -1.9956200    0.034963262  -0.0089250000   0.0045211791     0.99851500
      1.0000000     -1.9969600    0.024283034   0.0056400000   0.0029560000     0.99900000
      1.0000000     -1.9963200    0.029385830    -0.44313500   0.0033644775     0.99882500
      1.0000000     -1.9962200    0.030182846     0.28505000   0.0043127100     0.99865000
      1.0000000     -1.9964200    0.028588734     0.19834000   0.0038538496     0.99876000
      1.0000000     -1.9965200    0.027791558     0.20344000   0.0036543356     0.99881000
      1.0000000     -1.9966000    0.027153760    0.037200000   0.0031951600     0.99890000
      1.0000000     -1.9951800    0.038467070    0.062535000   0.0052187775     0.99832500
      1.0000000     -1.9957400    0.034007410    -0.10234000   0.0039524924     0.99863000
      1.0000000     -1.9958800    0.032892102    0.067655000   0.0041823271     0.99861500
      1.0000000     -1.9961800    0.030501630    0.057315000   0.0035239975     0.99877500
